00000004
00000007
00000008
00000002
00000002
00000009
00000009
00000003
00000009
00000004
00000007
00000007
00000001
00000005
00000003
00000008
00000006
00000006
00000000
00000004
00000008
00000008
00000003
00000007
00000005
00000009
00000006
00000008
00000004
00000007
00000008
00000003
00000003
00000006
00000009
00000000
00000000
00000004
00000009
00000002
00000009
00000008
00000003
00000001
00000006
00000006
00000008
00000001
00000004
00000008
00000003
00000005
00000008
00000000
00000009
00000007
00000002
00000000
00000004
00000001
00000000
00000005
00000005
00000004
00000000
00000000
00000009
00000000
00000003
00000004
00000008
00000005
00000003
00000009
00000006
00000008
00000002
00000000
00000005
00000003
00000008
00000007
00000000
00000001
00000002
00000007
00000006
00000002
00000004
00000002
00000004
00000002
00000004
00000006
00000004
00000008
00000006
00000006
00000007
00000006
00000000
00000004
00000003
00000007
00000009
00000006
00000001
00000000
00000000
00000002
00000008
00000009
00000001
00000003
00000003
00000002
00000008
00000008
00000006
00000009
00000008
00000001
00000009
00000007
00000008
00000006
00000006
00000004
00000008
00000009
00000000
00000007
00000008
00000005
00000008
00000008
00000007
00000005
00000004
00000008
00000007
00000001
00000002
00000006
00000007
00000002
00000007
00000002
00000002
00000009
00000000
00000004
00000003
00000000
00000002
00000002
00000009
00000006
00000005
00000001
00000008
00000002
00000001
00000007
00000006
00000007
00000007
00000000
00000007
00000005
00000000
00000003
00000007
00000008
00000003
00000001
00000005
00000002
00000000
00000001
00000000
00000009
00000006
00000004
00000000
00000002
00000003
00000005
00000001
00000004
00000008
00000006
00000002
00000003
00000002
00000007
00000000
00000006
00000009
00000002
00000006
00000003
00000001
00000007
00000006
00000004
00000006
00000008
00000003
00000000
00000008
00000009
00000002
00000009
00000008
00000002
00000002
00000000
00000008
00000001
00000009
00000008
00000009
00000004
00000008
00000007
00000000
00000003
00000000
00000000
00000002
00000009
00000000
00000004
00000000
00000004
00000002
00000005
00000005
00000001
00000000
00000007
00000001
00000002
00000001
00000007
00000005
00000005
00000000
00000002
00000001
00000000
00000007
00000008
00000006
00000001
