00001000
00001000
00001001
00001001
00001000
00001000
00001001
00001001
00001000
00001000
00001001
00001001
00001000
00001000
00001001
00001001
00001000
00001000
00002001
00002001
00001000
00001000
00002001
00002001
00001000
00001000
00002001
00002001
00001000
00001000
00002001
00002001
00002000
00002000
00002001
00002001
00002000
00002000
00002001
00002001
00002000
00002000
00002001
00002001
00002000
00002000
00002000
00002000
00001001
00001001
00001001
00001001
00001001
00001001
00001001
00001001
00001001
00001001
00001001
00001001
00001001
00001001
00001001
00001001
