00001000
00001000
00000001
00000001
00001000
00001000
00000001
00000001
00001000
00001000
00000001
00000001
00001000
00001000
00000000
00000000
00000001
00000001
00000001
00000001
00000001
00000001
00000001
00000001
00000001
00000001
00000001
00000001
00000001
00000001
00000001
00000001
00000001
00000001
00000001
00000001
00000001
00000001
00000001
00000001
00000001
00000001
00000001
00000001
00000001
00000001
00000001
00000001
00001001
00001001
00001001
00001001
00001001
00001001
00001001
00001001
00001001
00001001
00001001
00001001
00001001
00001001
00001001
00001001
