0 0 0 0 00000000 0
1 0 0 0 00000000 0
2 0 0 0 00000000 0
3 2 1 f 00000000 0
4 2 1 f 00000000 0
5 2 1 f 00000000 0
6 2 1 f 00000000 0
7 2 1 f 00000000 0
8 2 1 f 00000000 0
9 2 1 f 00000000 0
10 2 1 f 00000000 0
11 2 1 f 00000000 0
12 2 1 f 00000000 0
13 2 1 f 00000000 0
14 2 1 f 00000000 0
15 2 1 f 00000000 0
16 2 1 f 00000000 0
17 2 1 f 00000000 0
18 2 1 f 00000000 0
19 2 1 f 00000000 0
20 2 1 f 00000000 0
21 4 3 c 00000000 0
22 4 3 d 00000000 0
23 4 3 e 00000000 0
24 4 3 f 00000064 0
25 0 0 0 00000000 0
26 2 1 11 00000000 0
27 2 1 11 00000000 0
28 2 1 11 00000000 0
29 2 1 11 00000000 0
30 2 1 11 00000000 0
31 2 1 11 00000000 0
32 2 1 11 00000000 0
33 2 1 11 00000000 0
34 2 1 11 00000000 0
35 2 1 11 00000000 0
36 2 1 11 00000000 0
37 2 1 11 00000000 0
38 2 1 11 00000000 0
39 2 1 11 00000000 0
40 2 1 11 00000000 0
41 2 1 11 00000000 0
42 2 1 11 00000000 0
43 2 1 11 00000000 0
44 4 3 10 00000000 0
45 4 3 11 00000010 0
46 4 3 12 00000020 0
47 4 3 13 00000000 0
48 0 0 0 00000000 0
49 0 0 0 00000000 0
50 0 0 0 00000000 0
51 0 0 0 00000000 0
52 0 0 0 00000000 0
53 0 0 0 00000000 0
54 0 0 0 00000000 0
55 0 0 0 00000000 0
56 0 0 0 00000000 0
57 0 0 0 00000000 0
58 0 0 0 00000000 0
59 0 0 0 00000000 0
60 0 0 0 00000000 0
61 0 0 0 00000000 0
62 0 0 0 00000000 0
63 0 0 0 00000000 0
64 0 0 0 00000000 0
65 0 0 0 00000000 0
66 0 0 0 00000000 0
67 2 2 11 00000012 0
68 2 3 10 00000000 0
69 2 3 11 00000011 0
70 2 3 12 00000020 0
71 2 3 13 00000000 0
72 2 2 11 00000012 0
73 2 2 11 00000012 0
74 2 2 11 00000012 0
75 2 2 11 00000012 0
76 2 2 11 00000012 0
77 2 2 11 00000012 0
78 2 2 11 00000012 0
79 2 2 11 00000012 0
80 2 2 11 00000012 0
81 2 2 11 00000012 0
82 2 2 11 00000012 0
83 2 2 11 00000012 0
84 2 2 11 00000012 0
85 2 2 11 00000012 0
86 2 2 11 00000012 0
87 2 2 11 00000012 0
88 2 2 11 00000012 0
89 2 2 11 00000012 0
90 4 3 10 00000000 0
91 4 3 11 00000011 0
92 4 3 12 00000020 0
93 4 3 13 00000000 0
94 0 0 0 00000000 0
95 0 0 0 00000000 0
96 0 0 0 00000000 0
97 0 0 0 00000000 0
98 0 0 0 00000000 0
99 0 0 0 00000000 0
100 0 0 0 00000000 0
101 0 0 0 00000000 0
102 2 2 11 00000013 0
103 2 3 10 00000000 0
104 2 3 11 00000012 0
105 2 3 12 00000020 0
106 2 3 13 00000000 0
107 2 2 11 00000013 0
108 2 2 11 00000013 0
109 2 2 11 00000013 0
110 2 2 11 00000013 0
111 2 2 11 00000013 0
112 2 2 11 00000013 0
113 2 2 11 00000013 0
114 2 2 11 00000013 0
115 2 2 11 00000013 0
116 2 2 11 00000013 0
117 2 2 11 00000013 0
118 2 2 11 00000013 0
119 2 2 11 00000013 0
120 2 2 11 00000013 0
121 2 2 11 00000013 0
122 2 2 11 00000013 0
123 2 2 11 00000013 0
124 2 2 11 00000013 0
125 4 3 10 00000000 0
126 4 3 11 00000012 0
127 4 3 12 00000020 0
128 4 3 13 00000000 0
129 0 0 0 00000000 0
130 0 0 0 00000000 0
131 0 0 0 00000000 0
132 0 0 0 00000000 0
133 0 0 0 00000000 0
134 0 0 0 00000000 0
135 0 0 0 00000000 0
136 0 0 0 00000000 0
137 2 2 11 00000014 0
138 2 3 10 00000000 0
139 2 3 11 00000013 0
140 2 3 12 00000020 0
141 2 3 13 00000000 0
142 2 2 11 00000014 0
143 2 2 11 00000014 0
144 2 2 11 00000014 0
145 2 2 11 00000014 0
146 2 2 11 00000014 0
147 2 2 11 00000014 0
148 2 2 11 00000014 0
149 2 2 11 00000014 0
150 2 2 11 00000014 0
151 2 2 11 00000014 0
152 2 2 11 00000014 0
153 2 2 11 00000014 0
154 2 2 11 00000014 0
155 2 2 11 00000014 0
156 2 2 11 00000014 0
157 2 2 11 00000014 0
158 2 2 11 00000014 0
159 2 2 11 00000014 0
160 4 3 10 00000000 0
161 4 3 11 00000013 0
162 4 3 12 00000020 0
163 4 3 13 00000000 0
164 0 0 0 00000000 0
165 0 0 0 00000000 0
166 0 0 0 00000000 0
167 0 0 0 00000000 0
168 0 0 0 00000000 0
169 0 0 0 00000000 0
170 0 0 0 00000000 0
171 0 0 0 00000000 0
172 2 2 11 00000015 0
173 2 3 10 00000000 0
174 2 3 11 00000014 0
175 2 3 12 00000020 0
176 2 3 13 00000000 0
177 2 2 11 00000015 0
178 2 2 11 00000015 0
179 2 2 11 00000015 0
180 2 2 11 00000015 0
181 2 2 11 00000015 0
182 2 2 11 00000015 0
183 2 2 11 00000015 0
184 2 2 11 00000015 0
185 2 2 11 00000015 0
186 2 2 11 00000015 0
187 2 2 11 00000015 0
188 2 2 11 00000015 0
189 2 2 11 00000015 0
190 2 2 11 00000015 0
191 2 2 11 00000015 0
192 2 2 11 00000015 0
193 2 2 11 00000015 0
194 2 2 11 00000015 0
195 4 3 10 00000000 0
196 4 3 11 00000014 0
197 4 3 12 00000020 0
198 4 3 13 00000000 0
199 0 0 0 00000000 0
200 0 0 0 00000000 0
201 0 0 0 00000000 0
202 0 0 0 00000000 0
203 0 0 0 00000000 0
204 0 0 0 00000000 0
205 0 0 0 00000000 0
206 0 0 0 00000000 0
207 2 2 11 00000016 0
208 2 3 10 00000000 0
209 2 3 11 00000015 0
210 2 3 12 00000020 0
211 2 3 13 00000000 0
212 2 2 11 00000016 0
213 2 2 11 00000016 0
214 2 2 11 00000016 0
215 2 2 11 00000016 0
216 2 2 11 00000016 0
217 2 2 11 00000016 0
218 2 2 11 00000016 0
219 2 2 11 00000016 0
220 2 2 11 00000016 0
221 2 2 11 00000016 0
222 2 2 11 00000016 0
223 2 2 11 00000016 0
224 2 2 11 00000016 0
225 2 2 11 00000016 0
226 2 2 11 00000016 0
227 2 2 11 00000016 0
228 2 2 11 00000016 0
229 2 2 11 00000016 0
230 4 3 10 00000000 0
231 4 3 11 00000015 0
232 4 3 12 00000020 0
233 4 3 13 00000000 0
234 0 0 0 00000000 0
235 0 0 0 00000000 0
236 0 0 0 00000000 0
237 0 0 0 00000000 0
238 0 0 0 00000000 0
239 0 0 0 00000000 0
240 0 0 0 00000000 0
241 0 0 0 00000000 0
242 2 2 11 00000017 0
243 2 3 10 00000000 0
244 2 3 11 00000016 0
245 2 3 12 00000020 0
246 2 3 13 00000000 0
247 2 2 11 00000017 0
248 2 2 11 00000017 0
249 2 2 11 00000017 0
250 2 2 11 00000017 0
251 2 2 11 00000017 0
252 2 2 11 00000017 0
253 2 2 11 00000017 0
254 2 2 11 00000017 0
255 2 2 11 00000017 0
256 2 2 11 00000017 0
257 2 2 11 00000017 0
258 2 2 11 00000017 0
259 2 2 11 00000017 0
260 2 2 11 00000017 0
261 2 2 11 00000017 0
262 2 2 11 00000017 0
263 2 2 11 00000017 0
264 2 2 11 00000017 0
265 4 3 10 00000000 0
266 4 3 11 00000016 0
267 4 3 12 00000020 0
268 4 3 13 00000000 0
269 0 0 0 00000000 0
270 0 0 0 00000000 0
271 0 0 0 00000000 0
272 0 0 0 00000000 0
273 0 0 0 00000000 0
274 0 0 0 00000000 0
275 0 0 0 00000000 0
276 0 0 0 00000000 0
277 2 2 11 00000018 0
278 2 3 10 00000000 0
279 2 3 11 00000017 0
280 2 3 12 00000020 0
281 2 3 13 00000000 0
282 2 2 11 00000018 0
283 2 2 11 00000018 0
284 2 2 11 00000018 0
285 2 2 11 00000018 0
286 2 2 11 00000018 0
287 2 2 11 00000018 0
288 2 2 11 00000018 0
289 2 2 11 00000018 0
290 2 2 11 00000018 0
291 2 2 11 00000018 0
292 2 2 11 00000018 0
293 2 2 11 00000018 0
294 2 2 11 00000018 0
295 2 2 11 00000018 0
296 2 2 11 00000018 0
297 2 2 11 00000018 0
298 2 2 11 00000018 0
299 2 2 11 00000018 0
300 4 3 10 00000000 0
301 4 3 11 00000017 0
302 4 3 12 00000020 0
303 4 3 13 00000000 0
304 0 0 0 00000000 0
305 0 0 0 00000000 0
306 0 0 0 00000000 0
307 0 0 0 00000000 0
308 0 0 0 00000000 0
309 0 0 0 00000000 0
310 0 0 0 00000000 0
311 0 0 0 00000000 0
312 2 2 11 00000019 0
313 2 3 10 00000000 0
314 2 3 11 00000018 0
315 2 3 12 00000020 0
316 2 3 13 00000000 0
317 2 2 11 00000019 0
318 2 2 11 00000019 0
319 2 2 11 00000019 0
320 2 2 11 00000019 0
321 2 2 11 00000019 0
322 2 2 11 00000019 0
323 2 2 11 00000019 0
324 2 2 11 00000019 0
325 2 2 11 00000019 0
326 2 2 11 00000019 0
327 2 2 11 00000019 0
328 2 2 11 00000019 0
329 2 2 11 00000019 0
330 2 2 11 00000019 0
331 2 2 11 00000019 0
332 2 2 11 00000019 0
333 2 2 11 00000019 0
334 2 2 11 00000019 0
335 4 3 10 00000000 0
336 4 3 11 00000018 0
337 4 3 12 00000020 0
338 4 3 13 00000000 0
339 0 0 0 00000000 0
340 0 0 0 00000000 0
341 0 0 0 00000000 0
342 0 0 0 00000000 0
343 0 0 0 00000000 0
344 0 0 0 00000000 0
345 0 0 0 00000000 0
346 0 0 0 00000000 0
347 2 2 11 0000001a 0
348 2 3 10 00000000 0
349 2 3 11 00000019 0
350 2 3 12 00000020 0
351 2 3 13 00000000 0
352 2 2 11 0000001a 0
353 2 2 11 0000001a 0
354 2 2 11 0000001a 0
355 2 2 11 0000001a 0
356 2 2 11 0000001a 0
357 2 2 11 0000001a 0
358 2 2 11 0000001a 0
359 2 2 11 0000001a 0
360 2 2 11 0000001a 0
361 2 2 11 0000001a 0
362 2 2 11 0000001a 0
363 2 2 11 0000001a 0
364 2 2 11 0000001a 0
365 2 2 11 0000001a 0
366 2 2 11 0000001a 0
367 2 2 11 0000001a 0
368 2 2 11 0000001a 0
369 2 2 11 0000001a 0
370 4 3 10 00000000 0
371 4 3 11 00000019 0
372 4 3 12 00000020 0
373 4 3 13 00000000 0
374 0 0 0 00000000 0
375 0 0 0 00000000 0
376 0 0 0 00000000 0
377 0 0 0 00000000 0
378 0 0 0 00000000 0
379 0 0 0 00000000 0
380 0 0 0 00000000 0
381 0 0 0 00000000 0
382 2 2 11 0000001b 0
383 2 3 10 00000000 0
384 2 3 11 0000001a 0
385 2 3 12 00000020 0
386 2 3 13 00000000 0
387 2 2 11 0000001b 0
388 2 2 11 0000001b 0
389 2 2 11 0000001b 0
390 2 2 11 0000001b 0
391 2 2 11 0000001b 0
392 2 2 11 0000001b 0
393 2 2 11 0000001b 0
394 2 2 11 0000001b 0
395 2 2 11 0000001b 0
396 2 2 11 0000001b 0
397 2 2 11 0000001b 0
398 2 2 11 0000001b 0
399 2 2 11 0000001b 0
400 2 2 11 0000001b 0
401 2 2 11 0000001b 0
402 2 2 11 0000001b 0
403 2 2 11 0000001b 0
404 2 2 11 0000001b 0
405 4 3 10 00000000 0
406 4 3 11 0000001a 0
407 4 3 12 00000020 0
408 4 3 13 00000000 0
409 0 0 0 00000000 0
410 0 0 0 00000000 0
411 0 0 0 00000000 0
412 0 0 0 00000000 0
413 0 0 0 00000000 0
414 0 0 0 00000000 0
415 0 0 0 00000000 0
416 0 0 0 00000000 0
417 2 2 11 0000001c 0
418 2 3 10 00000000 0
419 2 3 11 0000001b 0
420 2 3 12 00000020 0
421 2 3 13 00000000 0
422 2 2 11 0000001c 0
423 2 2 11 0000001c 0
424 2 2 11 0000001c 0
425 2 2 11 0000001c 0
426 2 2 11 0000001c 0
427 2 2 11 0000001c 0
428 2 2 11 0000001c 0
429 2 2 11 0000001c 0
430 2 2 11 0000001c 0
431 2 2 11 0000001c 0
432 2 2 11 0000001c 0
433 2 2 11 0000001c 0
434 2 2 11 0000001c 0
435 2 2 11 0000001c 0
436 2 2 11 0000001c 0
437 2 2 11 0000001c 0
438 2 2 11 0000001c 0
439 2 2 11 0000001c 0
440 4 3 10 00000000 0
441 4 3 11 0000001b 0
442 4 3 12 00000020 0
443 4 3 13 00000000 0
444 0 0 0 00000000 0
445 0 0 0 00000000 0
446 0 0 0 00000000 0
447 0 0 0 00000000 0
448 0 0 0 00000000 0
449 0 0 0 00000000 0
450 0 0 0 00000000 0
451 0 0 0 00000000 0
452 2 2 11 0000001d 0
453 2 3 10 00000000 0
454 2 3 11 0000001c 0
455 2 3 12 00000020 0
456 2 3 13 00000000 0
457 2 2 11 0000001d 0
458 2 2 11 0000001d 0
459 2 2 11 0000001d 0
460 2 2 11 0000001d 0
461 2 2 11 0000001d 0
462 2 2 11 0000001d 0
463 2 2 11 0000001d 0
464 2 2 11 0000001d 0
465 2 2 11 0000001d 0
466 2 2 11 0000001d 0
467 2 2 11 0000001d 0
468 2 2 11 0000001d 0
469 2 2 11 0000001d 0
470 2 2 11 0000001d 0
471 2 2 11 0000001d 0
472 2 2 11 0000001d 0
473 2 2 11 0000001d 0
474 2 2 11 0000001d 0
475 4 3 10 00000000 0
476 4 3 11 0000001c 0
477 4 3 12 00000020 0
478 4 3 13 00000000 0
479 0 0 0 00000000 0
480 0 0 0 00000000 0
481 0 0 0 00000000 0
482 0 0 0 00000000 0
483 0 0 0 00000000 0
484 0 0 0 00000000 0
485 0 0 0 00000000 0
486 0 0 0 00000000 0
487 2 2 11 0000001e 0
488 2 3 10 00000000 0
489 2 3 11 0000001d 0
490 2 3 12 00000020 0
491 2 3 13 00000000 0
492 2 2 11 0000001e 0
493 2 2 11 0000001e 0
494 2 2 11 0000001e 0
495 2 2 11 0000001e 0
496 2 2 11 0000001e 0
497 2 2 11 0000001e 0
498 2 2 11 0000001e 0
499 2 2 11 0000001e 0
500 2 2 11 0000001e 0
501 2 2 11 0000001e 0
502 2 2 11 0000001e 0
503 2 2 11 0000001e 0
504 2 2 11 0000001e 0
505 2 2 11 0000001e 0
506 2 2 11 0000001e 0
507 2 2 11 0000001e 0
508 2 2 11 0000001e 0
509 2 2 11 0000001e 0
510 4 3 10 00000000 0
511 4 3 11 0000001d 0
512 4 3 12 00000020 0
513 4 3 13 00000000 0
514 0 0 0 00000000 0
515 0 0 0 00000000 0
516 0 0 0 00000000 0
517 0 0 0 00000000 0
518 0 0 0 00000000 0
519 0 0 0 00000000 0
520 0 0 0 00000000 0
521 0 0 0 00000000 0
522 2 2 11 0000001f 0
523 2 3 10 00000000 0
524 2 3 11 0000001e 0
525 2 3 12 00000020 0
526 2 3 13 00000000 0
527 2 2 11 0000001f 0
528 2 2 11 0000001f 0
529 2 2 11 0000001f 0
530 2 2 11 0000001f 0
531 2 2 11 0000001f 0
532 2 2 11 0000001f 0
533 2 2 11 0000001f 0
534 2 2 11 0000001f 0
535 2 2 11 0000001f 0
536 2 2 11 0000001f 0
537 2 2 11 0000001f 0
538 2 2 11 0000001f 0
539 2 2 11 0000001f 0
540 2 2 11 0000001f 0
541 2 2 11 0000001f 0
542 2 2 11 0000001f 0
543 2 2 11 0000001f 0
544 2 2 11 0000001f 0
545 4 3 10 00000000 0
546 4 3 11 0000001e 0
547 4 3 12 00000020 0
548 4 3 13 00000000 0
549 0 0 0 00000000 0
550 0 0 0 00000000 0
551 0 0 0 00000000 0
552 0 0 0 00000000 0
553 0 0 0 00000000 0
554 0 0 0 00000000 0
555 0 0 0 00000000 0
556 0 0 0 00000000 0
557 2 2 11 00000020 0
558 2 3 10 00000000 0
559 2 3 11 0000001f 0
560 2 3 12 00000020 0
561 2 3 13 00000000 0
562 2 2 11 00000020 0
563 2 2 11 00000020 0
564 2 2 11 00000020 0
565 2 2 11 00000020 0
566 2 2 11 00000020 0
567 2 2 11 00000020 0
568 2 2 11 00000020 0
569 2 2 11 00000020 0
570 2 2 11 00000020 0
571 2 2 11 00000020 0
572 2 2 11 00000020 0
573 2 2 11 00000020 0
574 2 2 11 00000020 0
575 2 2 11 00000020 0
576 2 2 11 00000020 0
577 2 2 11 00000020 0
578 2 2 11 00000020 0
579 2 2 11 00000020 0
580 4 3 10 00000000 0
581 4 3 11 0000001f 0
582 4 3 12 00000020 0
583 4 3 13 00000000 0
584 0 0 0 00000000 0
585 0 0 0 00000000 0
586 0 0 0 00000000 0
587 0 0 0 00000000 0
588 0 0 0 00000000 0
589 0 0 0 00000000 0
590 0 0 0 00000000 0
591 0 0 0 00000000 0
592 2 2 11 00000021 0
593 2 3 10 00000000 0
594 2 3 11 00000020 0
595 2 3 12 00000020 0
596 2 3 13 00000000 0
597 2 2 11 00000021 0
598 2 2 11 00000021 0
599 2 2 11 00000021 0
600 2 2 11 00000021 0
601 2 2 11 00000021 0
602 2 2 11 00000021 0
603 2 2 11 00000021 0
604 2 2 11 00000021 0
605 2 2 11 00000021 0
606 2 2 11 00000021 0
607 2 2 11 00000021 0
608 2 2 11 00000021 0
609 2 2 11 00000021 0
610 2 2 11 00000021 0
611 2 2 11 00000021 0
612 2 2 11 00000021 0
613 2 2 11 00000021 0
614 2 2 11 00000021 0
615 4 3 10 00000000 0
616 4 3 11 00000020 0
617 4 3 12 00000020 0
618 4 3 13 00000000 0
619 0 0 0 00000000 0
620 0 0 0 00000000 0
621 0 0 0 00000000 0
622 0 0 0 00000000 0
623 0 0 0 00000000 0
624 0 0 0 00000000 0
625 0 0 0 00000000 0
626 0 0 0 00000000 0
627 2 2 11 00000022 0
628 2 3 10 00000000 0
629 2 3 11 00000021 0
630 2 3 12 00000020 0
631 2 3 13 00000000 0
632 2 2 11 00000022 0
633 2 2 11 00000022 0
634 2 2 11 00000022 0
635 2 2 11 00000022 0
636 2 2 11 00000022 0
637 2 2 11 00000022 0
638 2 2 11 00000022 0
639 2 2 11 00000022 0
640 2 2 11 00000022 0
641 2 2 11 00000022 0
642 2 2 11 00000022 0
643 2 2 11 00000022 0
644 2 2 11 00000022 0
645 2 2 11 00000022 0
646 2 2 11 00000022 0
647 2 2 11 00000022 0
648 2 2 11 00000022 0
649 2 2 11 00000022 0
650 4 3 10 00000000 0
651 4 3 11 00000021 0
652 4 3 12 00000020 0
653 4 3 13 00000000 0
654 0 0 0 00000000 0
655 0 0 0 00000000 0
656 0 0 0 00000000 0
657 0 0 0 00000000 0
658 0 0 0 00000000 0
659 0 0 0 00000000 0
660 0 0 0 00000000 0
661 0 0 0 00000000 0
662 2 2 11 00000023 0
663 2 3 10 00000000 0
664 2 3 11 00000022 0
665 2 3 12 00000020 0
666 2 3 13 00000000 0
667 2 2 11 00000023 0
668 2 2 11 00000023 0
669 2 2 11 00000023 0
670 2 2 11 00000023 0
671 2 2 11 00000023 0
672 2 2 11 00000023 0
673 2 2 11 00000023 0
674 2 2 11 00000023 0
675 2 2 11 00000023 0
676 2 2 11 00000023 0
677 2 2 11 00000023 0
678 2 2 11 00000023 0
679 2 2 11 00000023 0
680 2 2 11 00000023 0
681 2 2 11 00000023 0
682 2 2 11 00000023 0
683 2 2 11 00000023 0
684 2 2 11 00000023 0
685 4 3 10 00000000 0
686 4 3 11 00000022 0
687 4 3 12 00000020 0
688 4 3 13 00000000 0
689 0 0 0 00000000 0
690 0 0 0 00000000 0
691 0 0 0 00000000 0
692 0 0 0 00000000 0
693 0 0 0 00000000 0
694 0 0 0 00000000 0
695 0 0 0 00000000 0
696 0 0 0 00000000 0
697 2 2 11 00000024 0
698 2 3 10 00000000 0
699 2 3 11 00000023 0
700 2 3 12 00000020 0
701 2 3 13 00000000 0
702 2 2 11 00000024 0
703 2 2 11 00000024 0
704 2 2 11 00000024 0
705 2 2 11 00000024 0
706 2 2 11 00000024 0
707 2 2 11 00000024 0
708 2 2 11 00000024 0
709 2 2 11 00000024 0
710 2 2 11 00000024 0
711 2 2 11 00000024 0
712 2 2 11 00000024 0
713 2 2 11 00000024 0
714 2 2 11 00000024 0
715 2 2 11 00000024 0
716 2 2 11 00000024 0
717 2 2 11 00000024 0
718 2 2 11 00000024 0
719 2 2 11 00000024 0
720 4 3 10 00000000 0
721 4 3 11 00000023 0
722 4 3 12 00000020 0
723 4 3 13 00000000 0
724 0 0 0 00000000 0
725 0 0 0 00000000 0
726 0 0 0 00000000 0
727 0 0 0 00000000 0
728 0 0 0 00000000 0
729 0 0 0 00000000 0
730 0 0 0 00000000 0
731 0 0 0 00000000 0
732 2 2 11 00000025 0
733 2 3 10 00000000 0
734 2 3 11 00000024 0
735 2 3 12 00000020 0
736 2 3 13 00000000 0
737 2 2 11 00000025 0
738 2 2 11 00000025 0
739 2 2 11 00000025 0
740 2 2 11 00000025 0
741 2 2 11 00000025 0
742 2 2 11 00000025 0
743 2 2 11 00000025 0
744 2 2 11 00000025 0
745 2 2 11 00000025 0
746 2 2 11 00000025 0
747 2 2 11 00000025 0
748 2 2 11 00000025 0
749 2 2 11 00000025 0
750 2 2 11 00000025 0
751 2 2 11 00000025 0
752 2 2 11 00000025 0
753 2 2 11 00000025 0
754 2 2 11 00000025 0
755 4 3 10 00000000 0
756 4 3 11 00000024 0
757 4 3 12 00000020 0
758 4 3 13 00000000 0
759 0 0 0 00000000 0
760 0 0 0 00000000 0
761 0 0 0 00000000 0
762 0 0 0 00000000 0
763 0 0 0 00000000 0
764 0 0 0 00000000 0
765 0 0 0 00000000 0
766 0 0 0 00000000 0
767 2 2 11 00000026 0
768 2 3 10 00000000 0
769 2 3 11 00000025 0
770 2 3 12 00000020 0
771 2 3 13 00000000 0
772 2 2 11 00000026 0
773 2 2 11 00000026 0
774 2 2 11 00000026 0
775 2 2 11 00000026 0
776 2 2 11 00000026 0
777 2 2 11 00000026 0
778 2 2 11 00000026 0
779 2 2 11 00000026 0
780 2 2 11 00000026 0
781 2 2 11 00000026 0
782 2 2 11 00000026 0
783 2 2 11 00000026 0
784 2 2 11 00000026 0
785 2 2 11 00000026 0
786 2 2 11 00000026 0
787 2 2 11 00000026 0
788 2 2 11 00000026 0
789 2 2 11 00000026 0
790 4 3 10 00000000 0
791 4 3 11 00000025 0
792 4 3 12 00000020 0
793 4 3 13 00000000 0
794 0 0 0 00000000 0
795 0 0 0 00000000 0
796 0 0 0 00000000 0
797 0 0 0 00000000 0
798 0 0 0 00000000 0
799 0 0 0 00000000 0
800 0 0 0 00000000 0
801 0 0 0 00000000 0
802 2 2 11 00000027 0
803 2 3 10 00000000 0
804 2 3 11 00000026 0
805 2 3 12 00000020 0
806 2 3 13 00000000 0
807 2 2 11 00000027 0
808 2 2 11 00000027 0
809 2 2 11 00000027 0
810 2 2 11 00000027 0
811 2 2 11 00000027 0
812 2 2 11 00000027 0
813 2 2 11 00000027 0
814 2 2 11 00000027 0
815 2 2 11 00000027 0
816 2 2 11 00000027 0
817 2 2 11 00000027 0
818 2 2 11 00000027 0
819 2 2 11 00000027 0
820 2 2 11 00000027 0
821 2 2 11 00000027 0
822 2 2 11 00000027 0
823 2 2 11 00000027 0
824 2 2 11 00000027 0
825 4 3 10 00000000 0
826 4 3 11 00000026 0
827 4 3 12 00000020 0
828 4 3 13 00000000 0
829 0 0 0 00000000 0
830 0 0 0 00000000 0
831 0 0 0 00000000 0
832 0 0 0 00000000 0
833 0 0 0 00000000 0
834 0 0 0 00000000 0
835 0 0 0 00000000 0
836 0 0 0 00000000 0
837 2 2 11 00000028 0
838 2 3 10 00000000 0
839 2 3 11 00000027 0
840 2 3 12 00000020 0
841 2 3 13 00000000 0
842 2 2 11 00000028 0
843 2 2 11 00000028 0
844 2 2 11 00000028 0
845 2 2 11 00000028 0
846 2 2 11 00000028 0
847 2 2 11 00000028 0
848 2 2 11 00000028 0
849 2 2 11 00000028 0
850 2 2 11 00000028 0
851 2 2 11 00000028 0
852 2 2 11 00000028 0
853 2 2 11 00000028 0
854 2 2 11 00000028 0
855 2 2 11 00000028 0
856 2 2 11 00000028 0
857 2 2 11 00000028 0
858 2 2 11 00000028 0
859 2 2 11 00000028 0
860 4 3 10 00000000 0
861 4 3 11 00000027 0
862 4 3 12 00000020 0
863 4 3 13 00000000 0
864 0 0 0 00000000 0
865 0 0 0 00000000 0
866 0 0 0 00000000 0
867 0 0 0 00000000 0
868 0 0 0 00000000 0
869 0 0 0 00000000 0
870 0 0 0 00000000 0
871 0 0 0 00000000 0
872 2 2 11 00000029 0
873 2 3 10 00000000 0
874 2 3 11 00000028 0
875 2 3 12 00000020 0
876 2 3 13 00000000 0
877 2 2 11 00000029 0
878 2 2 11 00000029 0
879 2 2 11 00000029 0
880 2 2 11 00000029 0
881 2 2 11 00000029 0
882 2 2 11 00000029 0
883 2 2 11 00000029 0
884 2 2 11 00000029 0
885 2 2 11 00000029 0
886 2 2 11 00000029 0
887 2 2 11 00000029 0
888 2 2 11 00000029 0
889 2 2 11 00000029 0
890 2 2 11 00000029 0
891 2 2 11 00000029 0
892 2 2 11 00000029 0
893 2 2 11 00000029 0
894 2 2 11 00000029 0
895 4 3 10 00000000 0
896 4 3 11 00000028 0
897 4 3 12 00000020 0
898 4 3 13 00000000 0
899 0 0 0 00000000 0
900 0 0 0 00000000 0
901 0 0 0 00000000 0
902 0 0 0 00000000 0
903 0 0 0 00000000 0
904 0 0 0 00000000 0
905 0 0 0 00000000 0
906 0 0 0 00000000 0
907 2 2 11 0000002a 0
908 2 3 10 00000000 0
909 2 3 11 00000029 0
910 2 3 12 00000020 0
911 2 3 13 00000000 0
912 2 2 11 0000002a 0
913 2 2 11 0000002a 0
914 2 2 11 0000002a 0
915 2 2 11 0000002a 0
916 2 2 11 0000002a 0
917 2 2 11 0000002a 0
918 2 2 11 0000002a 0
919 2 2 11 0000002a 0
920 2 2 11 0000002a 0
921 2 2 11 0000002a 0
922 2 2 11 0000002a 0
923 2 2 11 0000002a 0
924 2 2 11 0000002a 0
925 2 2 11 0000002a 0
926 2 2 11 0000002a 0
927 2 2 11 0000002a 0
928 2 2 11 0000002a 0
929 2 2 11 0000002a 0
930 4 3 10 00000000 0
931 4 3 11 00000029 0
932 4 3 12 00000020 0
933 4 3 13 00000000 0
934 0 0 0 00000000 0
935 0 0 0 00000000 0
936 0 0 0 00000000 0
937 0 0 0 00000000 0
938 0 0 0 00000000 0
939 0 0 0 00000000 0
940 0 0 0 00000000 0
941 0 0 0 00000000 0
942 2 2 11 0000002b 0
943 2 3 10 00000000 0
944 2 3 11 0000002a 0
945 2 3 12 00000020 0
946 2 3 13 00000000 0
947 2 2 11 0000002b 0
948 2 2 11 0000002b 0
949 2 2 11 0000002b 0
950 2 2 11 0000002b 0
951 2 2 11 0000002b 0
952 2 2 11 0000002b 0
953 2 2 11 0000002b 0
954 2 2 11 0000002b 0
955 2 2 11 0000002b 0
956 2 2 11 0000002b 0
957 2 2 11 0000002b 0
958 2 2 11 0000002b 0
959 2 2 11 0000002b 0
960 2 2 11 0000002b 0
961 2 2 11 0000002b 0
962 2 2 11 0000002b 0
963 2 2 11 0000002b 0
964 2 2 11 0000002b 0
965 4 3 10 00000000 0
966 4 3 11 0000002a 0
967 4 3 12 00000020 0
968 4 3 13 00000000 0
969 0 0 0 00000000 0
970 0 0 0 00000000 0
971 0 0 0 00000000 0
972 0 0 0 00000000 0
973 0 0 0 00000000 0
974 0 0 0 00000000 0
975 0 0 0 00000000 0
976 0 0 0 00000000 0
977 2 2 11 0000002c 0
978 2 3 10 00000000 0
979 2 3 11 0000002b 0
980 2 3 12 00000020 0
981 2 3 13 00000000 0
982 2 2 11 0000002c 0
983 2 2 11 0000002c 0
984 2 2 11 0000002c 0
985 2 2 11 0000002c 0
986 2 2 11 0000002c 0
987 2 2 11 0000002c 0
988 2 2 11 0000002c 0
989 2 2 11 0000002c 0
990 2 2 11 0000002c 0
991 2 2 11 0000002c 0
992 2 2 11 0000002c 0
993 2 2 11 0000002c 0
994 2 2 11 0000002c 0
995 2 2 11 0000002c 0
996 2 2 11 0000002c 0
997 2 2 11 0000002c 0
998 2 2 11 0000002c 0
999 2 2 11 0000002c 0
1000 4 3 10 00000000 0
1001 4 3 11 0000002b 0
1002 4 3 12 00000020 0
1003 4 3 13 00000000 0
1004 0 0 0 00000000 0
1005 0 0 0 00000000 0
1006 0 0 0 00000000 0
1007 0 0 0 00000000 0
1008 0 0 0 00000000 0
1009 0 0 0 00000000 0
1010 0 0 0 00000000 0
1011 0 0 0 00000000 0
1012 2 2 11 0000002d 0
1013 2 3 10 00000000 0
1014 2 3 11 0000002c 0
1015 2 3 12 00000020 0
1016 2 3 13 00000000 0
1017 2 2 11 0000002d 0
1018 2 2 11 0000002d 0
1019 2 2 11 0000002d 0
1020 2 2 11 0000002d 0
1021 2 2 11 0000002d 0
1022 2 2 11 0000002d 0
1023 2 2 11 0000002d 0
1024 2 2 11 0000002d 0
1025 2 2 11 0000002d 0
1026 2 2 11 0000002d 0
1027 2 2 11 0000002d 0
1028 2 2 11 0000002d 0
1029 2 2 11 0000002d 0
1030 2 2 11 0000002d 0
1031 2 2 11 0000002d 0
1032 2 2 11 0000002d 0
1033 2 2 11 0000002d 0
1034 2 2 11 0000002d 0
1035 4 3 10 00000000 0
1036 4 3 11 0000002c 0
1037 4 3 12 00000020 0
1038 4 3 13 00000000 0
1039 0 0 0 00000000 0
1040 0 0 0 00000000 0
1041 0 0 0 00000000 0
1042 0 0 0 00000000 0
1043 0 0 0 00000000 0
1044 0 0 0 00000000 0
1045 0 0 0 00000000 0
1046 0 0 0 00000000 0
1047 2 2 11 0000002e 0
1048 2 3 10 00000000 0
1049 2 3 11 0000002d 0
1050 2 3 12 00000020 0
1051 2 3 13 00000000 0
1052 2 2 11 0000002e 0
1053 2 2 11 0000002e 0
1054 2 2 11 0000002e 0
1055 2 2 11 0000002e 0
1056 2 2 11 0000002e 0
1057 2 2 11 0000002e 0
1058 2 2 11 0000002e 0
1059 2 2 11 0000002e 0
1060 2 2 11 0000002e 0
1061 2 2 11 0000002e 0
1062 2 2 11 0000002e 0
1063 2 2 11 0000002e 0
1064 2 2 11 0000002e 0
1065 2 2 11 0000002e 0
1066 2 2 11 0000002e 0
1067 2 2 11 0000002e 0
1068 2 2 11 0000002e 0
1069 2 2 11 0000002e 0
1070 4 3 10 00000000 0
1071 4 3 11 0000002d 0
1072 4 3 12 00000020 0
1073 4 3 13 00000000 0
1074 0 0 0 00000000 0
1075 0 0 0 00000000 0
1076 0 0 0 00000000 0
1077 0 0 0 00000000 0
1078 0 0 0 00000000 0
1079 0 0 0 00000000 0
1080 0 0 0 00000000 0
1081 0 0 0 00000000 0
1082 2 2 11 0000002f 0
1083 2 3 10 00000000 0
1084 2 3 11 0000002e 0
1085 2 3 12 00000020 0
1086 2 3 13 00000000 0
1087 2 2 11 0000002f 0
1088 2 2 11 0000002f 0
1089 2 2 11 0000002f 0
1090 2 2 11 0000002f 0
1091 2 2 11 0000002f 0
1092 2 2 11 0000002f 0
1093 2 2 11 0000002f 0
1094 2 2 11 0000002f 0
1095 2 2 11 0000002f 0
1096 2 2 11 0000002f 0
1097 2 2 11 0000002f 0
1098 2 2 11 0000002f 0
1099 2 2 11 0000002f 0
1100 2 2 11 0000002f 0
1101 2 2 11 0000002f 0
1102 2 2 11 0000002f 0
1103 2 2 11 0000002f 0
1104 2 2 11 0000002f 0
1105 4 3 10 00000000 0
1106 4 3 11 0000002e 0
1107 4 3 12 00000020 0
1108 4 3 13 00000000 0
1109 0 0 0 00000000 0
1110 0 0 0 00000000 0
1111 0 0 0 00000000 0
1112 0 0 0 00000000 0
1113 0 0 0 00000000 0
1114 0 0 0 00000000 0
1115 0 0 0 00000000 0
1116 0 0 0 00000000 0
1117 2 2 11 00000030 0
1118 2 3 10 00000000 0
1119 2 3 11 0000002f 0
1120 2 3 12 00000020 0
1121 2 3 13 00000000 0
1122 2 2 11 00000030 0
1123 2 2 11 00000030 0
1124 2 2 11 00000030 0
1125 2 2 11 00000030 0
1126 2 2 11 00000030 0
1127 2 2 11 00000030 0
1128 2 2 11 00000030 0
1129 2 2 11 00000030 0
1130 2 2 11 00000030 0
1131 2 2 11 00000030 0
1132 2 2 11 00000030 0
1133 2 2 11 00000030 0
1134 2 2 11 00000030 0
1135 2 2 11 00000030 0
1136 2 2 11 00000030 0
1137 2 2 11 00000030 0
1138 2 2 11 00000030 0
1139 2 2 11 00000030 0
1140 4 3 10 00000000 0
1141 4 3 11 0000002f 0
1142 4 3 12 00000020 0
1143 4 3 13 00000000 0
1144 0 0 0 00000000 0
1145 0 0 0 00000000 0
1146 0 0 0 00000000 0
1147 0 0 0 00000000 0
1148 0 0 0 00000000 0
1149 0 0 0 00000000 0
1150 0 0 0 00000000 0
1151 0 0 0 00000000 0
1152 2 2 11 00000031 0
1153 2 3 10 00000000 0
1154 2 3 11 00000030 0
1155 2 3 12 00000020 0
1156 2 3 13 00000000 0
1157 2 2 11 00000031 0
1158 2 2 11 00000031 0
1159 2 2 11 00000031 0
1160 2 2 11 00000031 0
1161 2 2 11 00000031 0
1162 2 2 11 00000031 0
1163 2 2 11 00000031 0
1164 2 2 11 00000031 0
1165 2 2 11 00000031 0
1166 2 2 11 00000031 0
1167 2 2 11 00000031 0
1168 2 2 11 00000031 0
1169 2 2 11 00000031 0
1170 2 2 11 00000031 0
1171 2 2 11 00000031 0
1172 2 2 11 00000031 0
1173 2 2 11 00000031 0
1174 2 2 11 00000031 0
1175 4 3 10 00000000 0
1176 4 3 11 00000030 0
1177 4 3 12 00000020 0
1178 4 3 13 00000000 0
1179 0 0 0 00000000 0
1180 0 0 0 00000000 0
1181 0 0 0 00000000 0
1182 0 0 0 00000000 0
1183 0 0 0 00000000 0
1184 0 0 0 00000000 0
1185 0 0 0 00000000 0
1186 0 0 0 00000000 0
1187 2 2 11 00000032 0
1188 2 3 10 00000000 0
1189 2 3 11 00000031 0
1190 2 3 12 00000020 0
1191 2 3 13 00000000 0
1192 2 2 11 00000032 0
1193 2 2 11 00000032 0
1194 2 2 11 00000032 0
1195 2 2 11 00000032 0
1196 2 2 11 00000032 0
1197 2 2 11 00000032 0
1198 2 2 11 00000032 0
1199 2 2 11 00000032 0
1200 2 2 11 00000032 0
1201 2 2 11 00000032 0
1202 2 2 11 00000032 0
1203 2 2 11 00000032 0
1204 2 2 11 00000032 0
1205 2 2 11 00000032 0
1206 2 2 11 00000032 0
1207 2 2 11 00000032 0
1208 2 2 11 00000032 0
1209 2 2 11 00000032 0
1210 4 3 10 00000000 0
1211 4 3 11 00000031 0
1212 4 3 12 00000020 0
1213 4 3 13 00000000 0
1214 0 0 0 00000000 0
1215 0 0 0 00000000 0
1216 0 0 0 00000000 0
1217 0 0 0 00000000 0
1218 0 0 0 00000000 0
1219 0 0 0 00000000 0
1220 0 0 0 00000000 0
1221 0 0 0 00000000 0
1222 2 2 11 00000033 0
1223 2 3 10 00000000 0
1224 2 3 11 00000032 0
1225 2 3 12 00000020 0
1226 2 3 13 00000000 0
1227 2 2 11 00000033 0
1228 2 2 11 00000033 0
1229 2 2 11 00000033 0
1230 2 2 11 00000033 0
1231 2 2 11 00000033 0
1232 2 2 11 00000033 0
1233 2 2 11 00000033 0
1234 2 2 11 00000033 0
1235 2 2 11 00000033 0
1236 2 2 11 00000033 0
1237 2 2 11 00000033 0
1238 2 2 11 00000033 0
1239 2 2 11 00000033 0
1240 2 2 11 00000033 0
1241 2 2 11 00000033 0
1242 2 2 11 00000033 0
1243 2 2 11 00000033 0
1244 2 2 11 00000033 0
1245 4 3 10 00000000 0
1246 4 3 11 00000032 0
1247 4 3 12 00000020 0
1248 4 3 13 00000000 0
1249 0 0 0 00000000 0
1250 0 0 0 00000000 0
1251 0 0 0 00000000 0
1252 0 0 0 00000000 0
1253 0 0 0 00000000 0
1254 0 0 0 00000000 0
1255 0 0 0 00000000 0
1256 0 0 0 00000000 0
1257 2 2 11 00000034 0
1258 2 3 10 00000000 0
1259 2 3 11 00000033 0
1260 2 3 12 00000020 0
1261 2 3 13 00000000 0
1262 2 2 11 00000034 0
1263 2 2 11 00000034 0
1264 2 2 11 00000034 0
1265 2 2 11 00000034 0
1266 2 2 11 00000034 0
1267 2 2 11 00000034 0
1268 2 2 11 00000034 0
1269 2 2 11 00000034 0
1270 2 2 11 00000034 0
1271 2 2 11 00000034 0
1272 2 2 11 00000034 0
1273 2 2 11 00000034 0
1274 2 2 11 00000034 0
1275 2 2 11 00000034 0
1276 2 2 11 00000034 0
1277 2 2 11 00000034 0
1278 2 2 11 00000034 0
1279 2 2 11 00000034 0
1280 4 3 10 00000000 0
1281 4 3 11 00000033 0
1282 4 3 12 00000020 0
1283 4 3 13 00000000 0
1284 0 0 0 00000000 0
1285 0 0 0 00000000 0
1286 0 0 0 00000000 0
1287 0 0 0 00000000 0
1288 0 0 0 00000000 0
1289 0 0 0 00000000 0
1290 0 0 0 00000000 0
1291 0 0 0 00000000 0
1292 2 2 11 00000035 0
1293 2 3 10 00000000 0
1294 2 3 11 00000034 0
1295 2 3 12 00000020 0
1296 2 3 13 00000000 0
1297 2 2 11 00000035 0
1298 2 2 11 00000035 0
1299 2 2 11 00000035 0
1300 2 2 11 00000035 0
1301 2 2 11 00000035 0
1302 2 2 11 00000035 0
1303 2 2 11 00000035 0
1304 2 2 11 00000035 0
1305 2 2 11 00000035 0
1306 2 2 11 00000035 0
1307 2 2 11 00000035 0
1308 2 2 11 00000035 0
1309 2 2 11 00000035 0
1310 2 2 11 00000035 0
1311 2 2 11 00000035 0
1312 2 2 11 00000035 0
1313 2 2 11 00000035 0
1314 2 2 11 00000035 0
1315 4 3 10 00000000 0
1316 4 3 11 00000034 0
1317 4 3 12 00000020 0
1318 4 3 13 00000000 0
1319 0 0 0 00000000 0
1320 0 0 0 00000000 0
1321 0 0 0 00000000 0
1322 0 0 0 00000000 0
1323 0 0 0 00000000 0
1324 0 0 0 00000000 0
1325 0 0 0 00000000 0
1326 0 0 0 00000000 0
1327 2 2 11 00000036 0
1328 2 3 10 00000000 0
1329 2 3 11 00000035 0
1330 2 3 12 00000020 0
1331 2 3 13 00000000 0
1332 2 2 11 00000036 0
1333 2 2 11 00000036 0
1334 2 2 11 00000036 0
1335 2 2 11 00000036 0
1336 2 2 11 00000036 0
1337 2 2 11 00000036 0
1338 2 2 11 00000036 0
1339 2 2 11 00000036 0
1340 2 2 11 00000036 0
1341 2 2 11 00000036 0
1342 2 2 11 00000036 0
1343 2 2 11 00000036 0
1344 2 2 11 00000036 0
1345 2 2 11 00000036 0
1346 2 2 11 00000036 0
1347 2 2 11 00000036 0
1348 2 2 11 00000036 0
1349 2 2 11 00000036 0
1350 4 3 10 00000000 0
1351 4 3 11 00000035 0
1352 4 3 12 00000020 0
1353 4 3 13 00000000 0
1354 0 0 0 00000000 0
1355 0 0 0 00000000 0
1356 0 0 0 00000000 0
1357 0 0 0 00000000 0
1358 0 0 0 00000000 0
1359 0 0 0 00000000 0
1360 0 0 0 00000000 0
1361 0 0 0 00000000 0
1362 2 2 11 00000037 0
1363 2 3 10 00000000 0
1364 2 3 11 00000036 0
1365 2 3 12 00000020 0
1366 2 3 13 00000000 0
1367 2 2 11 00000037 0
1368 2 2 11 00000037 0
1369 2 2 11 00000037 0
1370 2 2 11 00000037 0
1371 2 2 11 00000037 0
1372 2 2 11 00000037 0
1373 2 2 11 00000037 0
1374 2 2 11 00000037 0
1375 2 2 11 00000037 0
1376 2 2 11 00000037 0
1377 2 2 11 00000037 0
1378 2 2 11 00000037 0
1379 2 2 11 00000037 0
1380 2 2 11 00000037 0
1381 2 2 11 00000037 0
1382 2 2 11 00000037 0
1383 2 2 11 00000037 0
1384 2 2 11 00000037 0
1385 4 3 10 00000000 0
1386 4 3 11 00000036 0
1387 4 3 12 00000020 0
1388 4 3 13 00000000 0
1389 0 0 0 00000000 0
1390 0 0 0 00000000 0
1391 0 0 0 00000000 0
1392 0 0 0 00000000 0
1393 0 0 0 00000000 0
1394 0 0 0 00000000 0
1395 0 0 0 00000000 0
1396 0 0 0 00000000 0
1397 2 2 11 00000038 0
1398 2 3 10 00000000 0
1399 2 3 11 00000037 0
1400 2 3 12 00000020 0
1401 2 3 13 00000000 0
1402 2 2 11 00000038 0
1403 2 2 11 00000038 0
1404 2 2 11 00000038 0
1405 2 2 11 00000038 0
1406 2 2 11 00000038 0
1407 2 2 11 00000038 0
1408 2 2 11 00000038 0
1409 2 2 11 00000038 0
1410 2 2 11 00000038 0
1411 2 2 11 00000038 0
1412 2 2 11 00000038 0
1413 2 2 11 00000038 0
1414 2 2 11 00000038 0
1415 2 2 11 00000038 0
1416 2 2 11 00000038 0
1417 2 2 11 00000038 0
1418 2 2 11 00000038 0
1419 2 2 11 00000038 0
1420 4 3 10 00000000 0
1421 4 3 11 00000037 0
1422 4 3 12 00000020 0
1423 4 3 13 00000000 0
1424 0 0 0 00000000 0
1425 0 0 0 00000000 0
1426 0 0 0 00000000 0
1427 0 0 0 00000000 0
1428 0 0 0 00000000 0
1429 0 0 0 00000000 0
1430 0 0 0 00000000 0
1431 0 0 0 00000000 0
1432 2 2 11 00000039 0
1433 2 3 10 00000000 0
1434 2 3 11 00000038 0
1435 2 3 12 00000020 0
1436 2 3 13 00000000 0
1437 2 2 11 00000039 0
1438 2 2 11 00000039 0
1439 2 2 11 00000039 0
1440 2 2 11 00000039 0
1441 2 2 11 00000039 0
1442 2 2 11 00000039 0
1443 2 2 11 00000039 0
1444 2 2 11 00000039 0
1445 2 2 11 00000039 0
1446 2 2 11 00000039 0
1447 2 2 11 00000039 0
1448 2 2 11 00000039 0
1449 2 2 11 00000039 0
1450 2 2 11 00000039 0
1451 2 2 11 00000039 0
1452 2 2 11 00000039 0
1453 2 2 11 00000039 0
1454 2 2 11 00000039 0
1455 4 3 10 00000000 0
1456 4 3 11 00000038 0
1457 4 3 12 00000020 0
1458 4 3 13 00000000 0
1459 0 0 0 00000000 0
1460 0 0 0 00000000 0
1461 0 0 0 00000000 0
1462 0 0 0 00000000 0
1463 0 0 0 00000000 0
1464 0 0 0 00000000 0
1465 0 0 0 00000000 0
1466 0 0 0 00000000 0
1467 2 2 11 0000003a 0
1468 2 3 10 00000000 0
1469 2 3 11 00000039 0
1470 2 3 12 00000020 0
1471 2 3 13 00000000 0
1472 2 2 11 0000003a 0
1473 2 2 11 0000003a 0
1474 2 2 11 0000003a 0
1475 2 2 11 0000003a 0
1476 2 2 11 0000003a 0
1477 2 2 11 0000003a 0
1478 2 2 11 0000003a 0
1479 2 2 11 0000003a 0
1480 2 2 11 0000003a 0
1481 2 2 11 0000003a 0
1482 2 2 11 0000003a 0
1483 2 2 11 0000003a 0
1484 2 2 11 0000003a 0
1485 2 2 11 0000003a 0
1486 2 2 11 0000003a 0
1487 2 2 11 0000003a 0
1488 2 2 11 0000003a 0
1489 2 2 11 0000003a 0
1490 4 3 10 00000000 0
1491 4 3 11 00000039 0
1492 4 3 12 00000020 0
1493 4 3 13 00000000 0
1494 0 0 0 00000000 0
1495 0 0 0 00000000 0
1496 0 0 0 00000000 0
1497 0 0 0 00000000 0
1498 0 0 0 00000000 0
1499 0 0 0 00000000 0
1500 0 0 0 00000000 0
1501 0 0 0 00000000 0
1502 2 2 11 0000003b 0
1503 2 3 10 00000000 0
1504 2 3 11 0000003a 0
1505 2 3 12 00000020 0
1506 2 3 13 00000000 0
1507 2 2 11 0000003b 0
1508 2 2 11 0000003b 0
1509 2 2 11 0000003b 0
1510 2 2 11 0000003b 0
1511 2 2 11 0000003b 0
1512 2 2 11 0000003b 0
1513 2 2 11 0000003b 0
1514 2 2 11 0000003b 0
1515 2 2 11 0000003b 0
1516 2 2 11 0000003b 0
1517 2 2 11 0000003b 0
1518 2 2 11 0000003b 0
1519 2 2 11 0000003b 0
1520 2 2 11 0000003b 0
1521 2 2 11 0000003b 0
1522 2 2 11 0000003b 0
1523 2 2 11 0000003b 0
1524 2 2 11 0000003b 0
1525 4 3 10 00000000 0
1526 4 3 11 0000003a 0
1527 4 3 12 00000020 0
1528 4 3 13 00000000 0
1529 0 0 0 00000000 0
1530 0 0 0 00000000 0
1531 0 0 0 00000000 0
1532 0 0 0 00000000 0
1533 0 0 0 00000000 0
1534 0 0 0 00000000 0
1535 0 0 0 00000000 0
1536 0 0 0 00000000 0
1537 2 2 11 0000003c 0
1538 2 3 10 00000000 0
1539 2 3 11 0000003b 0
1540 2 3 12 00000020 0
1541 2 3 13 00000000 0
1542 2 2 11 0000003c 0
1543 2 2 11 0000003c 0
1544 2 2 11 0000003c 0
1545 2 2 11 0000003c 0
1546 2 2 11 0000003c 0
1547 2 2 11 0000003c 0
1548 2 2 11 0000003c 0
1549 2 2 11 0000003c 0
1550 2 2 11 0000003c 0
1551 2 2 11 0000003c 0
1552 2 2 11 0000003c 0
1553 2 2 11 0000003c 0
1554 2 2 11 0000003c 0
1555 2 2 11 0000003c 0
1556 2 2 11 0000003c 0
1557 2 2 11 0000003c 0
1558 2 2 11 0000003c 0
1559 2 2 11 0000003c 0
1560 4 3 10 00000000 0
1561 4 3 11 0000003b 0
1562 4 3 12 00000020 0
1563 4 3 13 00000000 0
1564 0 0 0 00000000 0
1565 0 0 0 00000000 0
1566 0 0 0 00000000 0
1567 0 0 0 00000000 0
1568 0 0 0 00000000 0
1569 0 0 0 00000000 0
1570 0 0 0 00000000 0
1571 0 0 0 00000000 0
1572 2 2 11 0000003d 0
1573 2 3 10 00000000 0
1574 2 3 11 0000003c 0
1575 2 3 12 00000020 0
1576 2 3 13 00000000 0
1577 2 2 11 0000003d 0
1578 2 2 11 0000003d 0
1579 2 2 11 0000003d 0
1580 2 2 11 0000003d 0
1581 2 2 11 0000003d 0
1582 2 2 11 0000003d 0
1583 2 2 11 0000003d 0
1584 2 2 11 0000003d 0
1585 2 2 11 0000003d 0
1586 2 2 11 0000003d 0
1587 2 2 11 0000003d 0
1588 2 2 11 0000003d 0
1589 2 2 11 0000003d 0
1590 2 2 11 0000003d 0
1591 2 2 11 0000003d 0
1592 2 2 11 0000003d 0
1593 2 2 11 0000003d 0
1594 2 2 11 0000003d 0
1595 4 3 10 00000000 0
1596 4 3 11 0000003c 0
1597 4 3 12 00000020 0
1598 4 3 13 00000000 0
1599 0 0 0 00000000 0
1600 0 0 0 00000000 0
1601 0 0 0 00000000 0
1602 0 0 0 00000000 0
1603 3 1 12 00000000 0
1604 2 3 10 00000000 0
1605 2 3 11 0000003d 0
1606 2 3 12 00000020 0
1607 2 3 13 00000000 0
1608 2 2 11 0000003e 0
1609 2 2 11 0000003e 0
1610 2 2 11 0000003e 0
1611 2 2 11 0000003e 0
1612 2 2 11 0000003e 0
1613 2 2 11 0000003e 0
1614 2 2 11 0000003e 0
1615 2 2 11 0000003e 0
1616 2 2 11 0000003e 0
1617 2 2 11 0000003e 0
1618 2 2 11 0000003e 0
1619 2 2 11 0000003e 0
1620 2 2 11 0000003e 0
1621 2 2 11 0000003e 0
1622 2 2 11 0000003e 0
1623 2 2 11 0000003e 0
1624 2 2 11 0000003e 0
1625 2 2 11 0000003e 0
1626 4 3 10 00000000 0
1627 4 3 11 0000003d 0
1628 4 3 12 00000020 0
1629 4 3 13 00000000 0
1630 0 0 0 00000000 0
1631 0 0 0 00000000 0
1632 0 0 0 00000000 0
1633 0 0 0 00000000 0
1634 0 0 0 00000000 0
1635 0 0 0 00000000 0
1636 0 0 0 00000000 0
1637 0 0 0 00000000 0
1638 2 2 11 0000003f 0
1639 2 3 10 00000000 0
1640 2 3 11 0000003e 0
1641 2 3 12 00000020 0
1642 2 3 13 00000000 0
1643 2 2 11 0000003f 0
1644 2 2 11 0000003f 0
1645 2 2 11 0000003f 0
1646 2 2 11 0000003f 0
1647 2 2 11 0000003f 0
1648 2 2 11 0000003f 0
1649 2 2 11 0000003f 0
1650 2 2 11 0000003f 0
1651 2 2 11 0000003f 0
1652 2 2 11 0000003f 0
1653 2 2 11 0000003f 0
1654 2 2 11 0000003f 0
1655 2 2 11 0000003f 0
1656 2 2 11 0000003f 0
1657 2 2 11 0000003f 0
1658 2 2 11 0000003f 0
1659 2 2 11 0000003f 0
1660 2 2 11 0000003f 0
1661 4 3 10 00000000 0
1662 4 3 11 0000003e 0
1663 4 3 12 00000020 0
1664 4 3 13 00000000 0
1665 0 0 0 00000000 0
1666 0 0 0 00000000 0
1667 0 0 0 00000000 0
1668 0 0 0 00000000 0
1669 0 0 0 00000000 0
1670 0 0 0 00000000 0
1671 0 0 0 00000000 0
1672 0 0 0 00000000 0
1673 2 2 11 00000040 0
1674 2 3 10 00000000 0
1675 2 3 11 0000003f 0
1676 2 3 12 00000020 0
1677 2 3 13 00000000 0
1678 2 2 11 00000040 0
1679 2 2 11 00000040 0
1680 2 2 11 00000040 0
1681 2 2 11 00000040 0
1682 2 2 11 00000040 0
1683 2 2 11 00000040 0
1684 2 2 11 00000040 0
1685 2 2 11 00000040 0
1686 2 2 11 00000040 0
1687 2 2 11 00000040 0
1688 2 2 11 00000040 0
1689 2 2 11 00000040 0
1690 2 2 11 00000040 0
1691 2 2 11 00000040 0
1692 2 2 11 00000040 0
1693 2 2 11 00000040 0
1694 2 2 11 00000040 0
1695 2 2 11 00000040 0
1696 4 3 10 00000000 0
1697 4 3 11 0000003f 0
1698 4 3 12 00000020 0
1699 4 3 13 00000000 0
1700 0 0 0 00000000 0
1701 0 0 0 00000000 0
1702 0 0 0 00000000 0
1703 0 0 0 00000000 0
1704 0 0 0 00000000 0
1705 0 0 0 00000000 0
1706 0 0 0 00000000 0
1707 0 0 0 00000000 0
1708 2 2 11 00000041 0
1709 2 3 10 00000000 0
1710 2 3 11 00000040 0
1711 2 3 12 00000020 0
1712 2 3 13 00000000 0
1713 2 2 11 00000041 0
1714 2 2 11 00000041 0
1715 2 2 11 00000041 0
1716 2 2 11 00000041 0
1717 2 2 11 00000041 0
1718 2 2 11 00000041 0
1719 2 2 11 00000041 0
1720 2 2 11 00000041 0
1721 2 2 11 00000041 0
1722 2 2 11 00000041 0
1723 2 2 11 00000041 0
1724 2 2 11 00000041 0
1725 2 2 11 00000041 0
1726 2 2 11 00000041 0
1727 2 2 11 00000041 0
1728 2 2 11 00000041 0
1729 2 2 11 00000041 0
1730 2 2 11 00000041 0
1731 4 3 10 00000000 0
1732 4 3 11 00000040 0
1733 4 3 12 00000020 0
1734 4 3 13 00000000 0
1735 0 0 0 00000000 0
1736 0 0 0 00000000 0
1737 0 0 0 00000000 0
1738 0 0 0 00000000 0
1739 0 0 0 00000000 0
1740 0 0 0 00000000 0
1741 0 0 0 00000000 0
1742 0 0 0 00000000 0
1743 2 2 11 00000042 0
1744 2 3 10 00000000 0
1745 2 3 11 00000041 0
1746 2 3 12 00000020 0
1747 2 3 13 00000000 0
1748 2 2 11 00000042 0
1749 2 2 11 00000042 0
1750 2 2 11 00000042 0
1751 2 2 11 00000042 0
1752 2 2 11 00000042 0
1753 2 2 11 00000042 0
1754 2 2 11 00000042 0
1755 2 2 11 00000042 0
1756 2 2 11 00000042 0
1757 2 2 11 00000042 0
1758 2 2 11 00000042 0
1759 2 2 11 00000042 0
1760 2 2 11 00000042 0
1761 2 2 11 00000042 0
1762 2 2 11 00000042 0
1763 2 2 11 00000042 0
1764 2 2 11 00000042 0
1765 2 2 11 00000042 0
1766 4 3 10 00000000 0
1767 4 3 11 00000041 0
1768 4 3 12 00000020 0
1769 4 3 13 00000000 0
1770 0 0 0 00000000 0
1771 0 0 0 00000000 0
1772 0 0 0 00000000 0
1773 0 0 0 00000000 0
1774 0 0 0 00000000 0
1775 0 0 0 00000000 0
1776 0 0 0 00000000 0
1777 0 0 0 00000000 0
1778 2 2 11 00000043 0
1779 2 3 10 00000000 0
1780 2 3 11 00000042 0
1781 2 3 12 00000020 0
1782 2 3 13 00000000 0
1783 2 2 11 00000043 0
1784 2 2 11 00000043 0
1785 2 2 11 00000043 0
1786 2 2 11 00000043 0
1787 2 2 11 00000043 0
1788 2 2 11 00000043 0
1789 2 2 11 00000043 0
1790 2 2 11 00000043 0
1791 2 2 11 00000043 0
1792 2 2 11 00000043 0
1793 2 2 11 00000043 0
1794 2 2 11 00000043 0
1795 2 2 11 00000043 0
1796 2 2 11 00000043 0
1797 2 2 11 00000043 0
1798 2 2 11 00000043 0
1799 2 2 11 00000043 0
1800 2 2 11 00000043 0
1801 4 3 10 00000000 0
1802 4 3 11 00000042 0
1803 4 3 12 00000020 0
1804 4 3 13 00000000 0
1805 0 0 0 00000000 0
1806 0 0 0 00000000 0
1807 0 0 0 00000000 0
1808 0 0 0 00000000 0
1809 0 0 0 00000000 0
1810 0 0 0 00000000 0
1811 0 0 0 00000000 0
1812 0 0 0 00000000 0
1813 2 2 11 00000044 0
1814 2 3 10 00000000 0
1815 2 3 11 00000043 0
1816 2 3 12 00000020 0
1817 2 3 13 00000000 0
1818 2 2 11 00000044 0
1819 2 2 11 00000044 0
1820 2 2 11 00000044 0
1821 2 2 11 00000044 0
1822 2 2 11 00000044 0
1823 2 2 11 00000044 0
1824 2 2 11 00000044 0
1825 2 2 11 00000044 0
1826 2 2 11 00000044 0
1827 2 2 11 00000044 0
1828 2 2 11 00000044 0
1829 2 2 11 00000044 0
1830 2 2 11 00000044 0
1831 2 2 11 00000044 0
1832 2 2 11 00000044 0
1833 2 2 11 00000044 0
1834 2 2 11 00000044 0
1835 2 2 11 00000044 0
1836 4 3 10 00000000 0
1837 4 3 11 00000043 0
1838 4 3 12 00000020 0
1839 4 3 13 00000000 0
1840 0 0 0 00000000 0
1841 0 0 0 00000000 0
1842 0 0 0 00000000 0
1843 0 0 0 00000000 0
1844 0 0 0 00000000 0
1845 0 0 0 00000000 0
1846 0 0 0 00000000 0
1847 0 0 0 00000000 0
1848 2 2 11 00000045 0
1849 2 3 10 00000000 0
1850 2 3 11 00000044 0
1851 2 3 12 00000020 0
1852 2 3 13 00000000 0
1853 2 2 11 00000045 0
1854 2 2 11 00000045 0
1855 2 2 11 00000045 0
1856 2 2 11 00000045 0
1857 2 2 11 00000045 0
1858 2 2 11 00000045 0
1859 2 2 11 00000045 0
1860 2 2 11 00000045 0
1861 2 2 11 00000045 0
1862 2 2 11 00000045 0
1863 2 2 11 00000045 0
1864 2 2 11 00000045 0
1865 2 2 11 00000045 0
1866 2 2 11 00000045 0
1867 2 2 11 00000045 0
1868 2 2 11 00000045 0
1869 2 2 11 00000045 0
1870 2 2 11 00000045 0
1871 4 3 10 00000000 0
1872 4 3 11 00000044 0
1873 4 3 12 00000020 0
1874 4 3 13 00000000 0
1875 0 0 0 00000000 0
1876 0 0 0 00000000 0
1877 0 0 0 00000000 0
1878 0 0 0 00000000 0
1879 0 0 0 00000000 0
1880 0 0 0 00000000 0
1881 0 0 0 00000000 0
1882 0 0 0 00000000 0
1883 2 2 11 00000046 0
1884 2 3 10 00000000 0
1885 2 3 11 00000045 0
1886 2 3 12 00000020 0
1887 2 3 13 00000000 0
1888 2 2 11 00000046 0
1889 2 2 11 00000046 0
1890 2 2 11 00000046 0
1891 2 2 11 00000046 0
1892 2 2 11 00000046 0
1893 2 2 11 00000046 0
1894 2 2 11 00000046 0
1895 2 2 11 00000046 0
1896 2 2 11 00000046 0
1897 2 2 11 00000046 0
1898 2 2 11 00000046 0
1899 2 2 11 00000046 0
1900 2 2 11 00000046 0
1901 2 2 11 00000046 0
1902 2 2 11 00000046 0
1903 2 2 11 00000046 0
1904 2 2 11 00000046 0
1905 2 2 11 00000046 0
1906 4 3 10 00000000 0
1907 4 3 11 00000045 0
1908 4 3 12 00000020 0
1909 4 3 13 00000000 0
1910 0 0 0 00000000 0
1911 0 0 0 00000000 0
1912 0 0 0 00000000 0
1913 0 0 0 00000000 0
1914 0 0 0 00000000 0
1915 0 0 0 00000000 0
1916 0 0 0 00000000 0
1917 0 0 0 00000000 0
1918 2 2 11 00000047 0
1919 2 3 10 00000000 0
1920 2 3 11 00000046 0
1921 2 3 12 00000020 0
1922 2 3 13 00000000 0
1923 2 2 11 00000047 0
1924 2 2 11 00000047 0
1925 2 2 11 00000047 0
1926 2 2 11 00000047 0
1927 2 2 11 00000047 0
1928 2 2 11 00000047 0
1929 2 2 11 00000047 0
1930 2 2 11 00000047 0
1931 2 2 11 00000047 0
1932 2 2 11 00000047 0
1933 2 2 11 00000047 0
1934 2 2 11 00000047 0
1935 2 2 11 00000047 0
1936 2 2 11 00000047 0
1937 2 2 11 00000047 0
1938 2 2 11 00000047 0
1939 2 2 11 00000047 0
1940 2 2 11 00000047 0
1941 4 3 10 00000000 0
1942 4 3 11 00000046 0
1943 4 3 12 00000020 0
1944 4 3 13 00000000 0
1945 0 0 0 00000000 0
1946 0 0 0 00000000 0
1947 0 0 0 00000000 0
1948 0 0 0 00000000 0
1949 0 0 0 00000000 0
1950 0 0 0 00000000 0
1951 0 0 0 00000000 0
1952 0 0 0 00000000 0
1953 2 2 11 00000048 0
1954 2 3 10 00000000 0
1955 2 3 11 00000047 0
1956 2 3 12 00000020 0
1957 2 3 13 00000000 0
1958 2 2 11 00000048 0
1959 2 2 11 00000048 0
1960 2 2 11 00000048 0
1961 2 2 11 00000048 0
1962 2 2 11 00000048 0
1963 2 2 11 00000048 0
1964 2 2 11 00000048 0
1965 2 2 11 00000048 0
1966 2 2 11 00000048 0
1967 2 2 11 00000048 0
1968 2 2 11 00000048 0
1969 2 2 11 00000048 0
1970 2 2 11 00000048 0
1971 2 2 11 00000048 0
1972 2 2 11 00000048 0
1973 2 2 11 00000048 0
1974 2 2 11 00000048 0
1975 2 2 11 00000048 0
1976 4 3 10 00000000 0
1977 4 3 11 00000047 0
1978 4 3 12 00000020 0
1979 4 3 13 00000000 0
1980 0 0 0 00000000 0
1981 0 0 0 00000000 0
1982 0 0 0 00000000 0
1983 0 0 0 00000000 0
1984 0 0 0 00000000 0
1985 0 0 0 00000000 0
1986 0 0 0 00000000 0
1987 0 0 0 00000000 0
1988 2 2 11 00000049 0
1989 2 3 10 00000000 0
1990 2 3 11 00000048 0
1991 2 3 12 00000020 0
1992 2 3 13 00000000 0
1993 2 2 11 00000049 0
1994 2 2 11 00000049 0
1995 2 2 11 00000049 0
1996 2 2 11 00000049 0
1997 2 2 11 00000049 0
1998 2 2 11 00000049 0
1999 2 2 11 00000049 0
2000 2 2 11 00000049 0
2001 2 2 11 00000049 0
2002 2 2 11 00000049 0
2003 2 2 11 00000049 0
2004 2 2 11 00000049 0
2005 2 2 11 00000049 0
2006 2 2 11 00000049 0
2007 2 2 11 00000049 0
2008 2 2 11 00000049 0
2009 2 2 11 00000049 0
2010 2 2 11 00000049 0
2011 4 3 10 00000000 0
2012 4 3 11 00000048 0
2013 4 3 12 00000020 0
2014 4 3 13 00000000 0
2015 0 0 0 00000000 0
2016 0 0 0 00000000 0
2017 0 0 0 00000000 0
2018 0 0 0 00000000 0
2019 0 0 0 00000000 0
2020 0 0 0 00000000 0
2021 0 0 0 00000000 0
2022 0 0 0 00000000 0
2023 2 2 11 0000004a 0
2024 2 3 10 00000000 0
2025 2 3 11 00000049 0
2026 2 3 12 00000020 0
2027 2 3 13 00000000 0
2028 2 2 11 0000004a 0
2029 2 2 11 0000004a 0
2030 2 2 11 0000004a 0
2031 2 2 11 0000004a 0
2032 2 2 11 0000004a 0
2033 2 2 11 0000004a 0
2034 2 2 11 0000004a 0
2035 2 2 11 0000004a 0
2036 2 2 11 0000004a 0
2037 2 2 11 0000004a 0
2038 2 2 11 0000004a 0
2039 2 2 11 0000004a 0
2040 2 2 11 0000004a 0
2041 2 2 11 0000004a 0
2042 2 2 11 0000004a 0
2043 2 2 11 0000004a 0
2044 2 2 11 0000004a 0
2045 2 2 11 0000004a 0
2046 4 3 10 00000000 0
2047 4 3 11 00000049 0
2048 4 3 12 00000020 0
2049 4 3 13 00000000 0
2050 0 0 0 00000000 0
2051 0 0 0 00000000 0
2052 0 0 0 00000000 0
2053 0 0 0 00000000 0
2054 0 0 0 00000000 0
2055 0 0 0 00000000 0
2056 0 0 0 00000000 0
2057 0 0 0 00000000 0
2058 2 2 11 0000004b 0
2059 2 3 10 00000000 0
2060 2 3 11 0000004a 0
2061 2 3 12 00000020 0
2062 2 3 13 00000000 0
2063 2 2 11 0000004b 0
2064 2 2 11 0000004b 0
2065 2 2 11 0000004b 0
2066 2 2 11 0000004b 0
2067 2 2 11 0000004b 0
2068 2 2 11 0000004b 0
2069 2 2 11 0000004b 0
2070 2 2 11 0000004b 0
2071 2 2 11 0000004b 0
2072 2 2 11 0000004b 0
2073 2 2 11 0000004b 0
2074 2 2 11 0000004b 0
2075 2 2 11 0000004b 0
2076 2 2 11 0000004b 0
2077 2 2 11 0000004b 0
2078 2 2 11 0000004b 0
2079 2 2 11 0000004b 0
2080 2 2 11 0000004b 0
2081 4 3 10 00000000 0
2082 4 3 11 0000004a 0
2083 4 3 12 00000020 0
2084 4 3 13 00000000 0
2085 0 0 0 00000000 0
2086 0 0 0 00000000 0
2087 0 0 0 00000000 0
2088 0 0 0 00000000 0
2089 0 0 0 00000000 0
2090 0 0 0 00000000 0
2091 0 0 0 00000000 0
2092 0 0 0 00000000 0
2093 2 2 11 0000004c 0
2094 2 3 10 00000000 0
2095 2 3 11 0000004b 0
2096 2 3 12 00000020 0
2097 2 3 13 00000000 0
2098 2 2 11 0000004c 0
2099 2 2 11 0000004c 0
2100 2 2 11 0000004c 0
2101 2 2 11 0000004c 0
2102 2 2 11 0000004c 0
2103 2 2 11 0000004c 0
2104 2 2 11 0000004c 0
2105 2 2 11 0000004c 0
2106 2 2 11 0000004c 0
2107 2 2 11 0000004c 0
2108 2 2 11 0000004c 0
2109 2 2 11 0000004c 0
2110 2 2 11 0000004c 0
2111 2 2 11 0000004c 0
2112 2 2 11 0000004c 0
2113 2 2 11 0000004c 0
2114 2 2 11 0000004c 0
2115 2 2 11 0000004c 0
2116 4 3 10 00000000 0
2117 4 3 11 0000004b 0
2118 4 3 12 00000020 0
2119 4 3 13 00000000 0
2120 0 0 0 00000000 0
2121 0 0 0 00000000 0
2122 0 0 0 00000000 0
2123 0 0 0 00000000 0
2124 0 0 0 00000000 0
2125 0 0 0 00000000 0
2126 0 0 0 00000000 0
2127 0 0 0 00000000 0
2128 2 2 11 0000004d 0
2129 2 3 10 00000000 0
2130 2 3 11 0000004c 0
2131 2 3 12 00000020 0
2132 2 3 13 00000000 0
2133 2 2 11 0000004d 0
2134 2 2 11 0000004d 0
2135 2 2 11 0000004d 0
2136 2 2 11 0000004d 0
2137 2 2 11 0000004d 0
2138 2 2 11 0000004d 0
2139 2 2 11 0000004d 0
2140 2 2 11 0000004d 0
2141 2 2 11 0000004d 0
2142 2 2 11 0000004d 0
2143 2 2 11 0000004d 0
2144 2 2 11 0000004d 0
2145 2 2 11 0000004d 0
2146 2 2 11 0000004d 0
2147 2 2 11 0000004d 0
2148 2 2 11 0000004d 0
2149 2 2 11 0000004d 0
2150 2 2 11 0000004d 0
2151 4 3 10 00000000 0
2152 4 3 11 0000004c 0
2153 4 3 12 00000020 0
2154 4 3 13 00000000 0
2155 0 0 0 00000000 0
2156 0 0 0 00000000 0
2157 0 0 0 00000000 0
2158 0 0 0 00000000 0
2159 0 0 0 00000000 0
2160 0 0 0 00000000 0
2161 0 0 0 00000000 0
2162 0 0 0 00000000 0
2163 2 2 11 0000004e 0
2164 2 3 10 00000000 0
2165 2 3 11 0000004d 0
2166 2 3 12 00000020 0
2167 2 3 13 00000000 0
2168 2 2 11 0000004e 0
2169 2 2 11 0000004e 0
2170 2 2 11 0000004e 0
2171 2 2 11 0000004e 0
2172 2 2 11 0000004e 0
2173 2 2 11 0000004e 0
2174 2 2 11 0000004e 0
2175 2 2 11 0000004e 0
2176 2 2 11 0000004e 0
2177 2 2 11 0000004e 0
2178 2 2 11 0000004e 0
2179 2 2 11 0000004e 0
2180 2 2 11 0000004e 0
2181 2 2 11 0000004e 0
2182 2 2 11 0000004e 0
2183 2 2 11 0000004e 0
2184 2 2 11 0000004e 0
2185 2 2 11 0000004e 0
2186 4 3 10 00000000 0
2187 4 3 11 0000004d 0
2188 4 3 12 00000020 0
2189 4 3 13 00000000 0
2190 0 0 0 00000000 0
2191 0 0 0 00000000 0
2192 0 0 0 00000000 0
2193 0 0 0 00000000 0
2194 0 0 0 00000000 0
2195 0 0 0 00000000 0
2196 0 0 0 00000000 0
2197 0 0 0 00000000 0
2198 2 2 11 0000004f 0
2199 2 3 10 00000000 0
2200 2 3 11 0000004e 0
2201 2 3 12 00000020 0
2202 2 3 13 00000000 0
2203 2 2 11 0000004f 0
2204 2 2 11 0000004f 0
2205 2 2 11 0000004f 0
2206 2 2 11 0000004f 0
2207 2 2 11 0000004f 0
2208 2 2 11 0000004f 0
2209 2 2 11 0000004f 0
2210 2 2 11 0000004f 0
2211 2 2 11 0000004f 0
2212 2 2 11 0000004f 0
2213 2 2 11 0000004f 0
2214 2 2 11 0000004f 0
2215 2 2 11 0000004f 0
2216 2 2 11 0000004f 0
2217 2 2 11 0000004f 0
2218 2 2 11 0000004f 0
2219 2 2 11 0000004f 0
2220 2 2 11 0000004f 0
2221 4 3 10 00000000 0
2222 4 3 11 0000004e 0
2223 4 3 12 00000020 0
2224 4 3 13 00000000 0
2225 0 0 0 00000000 0
2226 0 0 0 00000000 0
2227 0 0 0 00000000 0
2228 0 0 0 00000000 0
2229 0 0 0 00000000 0
2230 0 0 0 00000000 0
2231 0 0 0 00000000 0
2232 0 0 0 00000000 0
2233 2 2 11 00000050 0
2234 2 3 10 00000000 0
2235 2 3 11 0000004f 0
2236 2 3 12 00000020 0
2237 2 3 13 00000000 0
2238 2 2 11 00000050 0
2239 2 2 11 00000050 0
2240 2 2 11 00000050 0
2241 2 2 11 00000050 0
2242 2 2 11 00000050 0
2243 2 2 11 00000050 0
2244 2 2 11 00000050 0
2245 2 2 11 00000050 0
2246 2 2 11 00000050 0
2247 2 2 11 00000050 0
2248 2 2 11 00000050 0
2249 2 2 11 00000050 0
2250 2 2 11 00000050 0
2251 2 2 11 00000050 0
2252 2 2 11 00000050 0
2253 2 2 11 00000050 0
2254 2 2 11 00000050 0
2255 2 2 11 00000050 0
2256 4 3 10 00000000 0
2257 4 3 11 0000004f 0
2258 4 3 12 00000020 0
2259 4 3 13 00000000 0
2260 0 0 0 00000000 0
2261 0 0 0 00000000 0
2262 0 0 0 00000000 0
2263 0 0 0 00000000 0
2264 0 0 0 00000000 0
2265 0 0 0 00000000 0
2266 0 0 0 00000000 0
2267 0 0 0 00000000 0
2268 2 2 11 00000051 0
2269 2 3 10 00000000 0
2270 2 3 11 00000050 0
2271 2 3 12 00000020 0
2272 2 3 13 00000000 0
2273 2 2 11 00000051 0
2274 2 2 11 00000051 0
2275 2 2 11 00000051 0
2276 2 2 11 00000051 0
2277 2 2 11 00000051 0
2278 2 2 11 00000051 0
2279 2 2 11 00000051 0
2280 2 2 11 00000051 0
2281 2 2 11 00000051 0
2282 2 2 11 00000051 0
2283 2 2 11 00000051 0
2284 2 2 11 00000051 0
2285 2 2 11 00000051 0
2286 2 2 11 00000051 0
2287 2 2 11 00000051 0
2288 2 2 11 00000051 0
2289 2 2 11 00000051 0
2290 2 2 11 00000051 0
2291 4 3 10 00000000 0
2292 4 3 11 00000050 0
2293 4 3 12 00000020 0
2294 4 3 13 00000000 0
2295 0 0 0 00000000 0
2296 0 0 0 00000000 0
2297 0 0 0 00000000 0
2298 0 0 0 00000000 0
2299 0 0 0 00000000 0
2300 0 0 0 00000000 0
2301 0 0 0 00000000 0
2302 0 0 0 00000000 0
2303 2 2 11 00000052 0
2304 2 3 10 00000000 0
2305 2 3 11 00000051 0
2306 2 3 12 00000020 0
2307 2 3 13 00000000 0
2308 2 2 11 00000052 0
2309 2 2 11 00000052 0
2310 2 2 11 00000052 0
2311 2 2 11 00000052 0
2312 2 2 11 00000052 0
2313 2 2 11 00000052 0
2314 2 2 11 00000052 0
2315 2 2 11 00000052 0
2316 2 2 11 00000052 0
2317 2 2 11 00000052 0
2318 2 2 11 00000052 0
2319 2 2 11 00000052 0
2320 2 2 11 00000052 0
2321 2 2 11 00000052 0
2322 2 2 11 00000052 0
2323 2 2 11 00000052 0
2324 2 2 11 00000052 0
2325 2 2 11 00000052 0
2326 4 3 10 00000000 0
2327 4 3 11 00000051 0
2328 4 3 12 00000020 0
2329 4 3 13 00000000 0
2330 0 0 0 00000000 0
2331 0 0 0 00000000 0
2332 0 0 0 00000000 0
2333 0 0 0 00000000 0
2334 0 0 0 00000000 0
2335 0 0 0 00000000 0
2336 0 0 0 00000000 0
2337 0 0 0 00000000 0
2338 2 2 11 00000053 0
2339 2 3 10 00000000 0
2340 2 3 11 00000052 0
2341 2 3 12 00000020 0
2342 2 3 13 00000000 0
2343 2 2 11 00000053 0
2344 2 2 11 00000053 0
2345 2 2 11 00000053 0
2346 2 2 11 00000053 0
2347 2 2 11 00000053 0
2348 2 2 11 00000053 0
2349 2 2 11 00000053 0
2350 2 2 11 00000053 0
2351 2 2 11 00000053 0
2352 2 2 11 00000053 0
2353 2 2 11 00000053 0
2354 2 2 11 00000053 0
2355 2 2 11 00000053 0
2356 2 2 11 00000053 0
2357 2 2 11 00000053 0
2358 2 2 11 00000053 0
2359 2 2 11 00000053 0
2360 2 2 11 00000053 0
2361 4 3 10 00000000 0
2362 4 3 11 00000052 0
2363 4 3 12 00000020 0
2364 4 3 13 00000000 0
2365 0 0 0 00000000 0
2366 0 0 0 00000000 0
2367 0 0 0 00000000 0
2368 0 0 0 00000000 0
2369 0 0 0 00000000 0
2370 0 0 0 00000000 0
2371 0 0 0 00000000 0
2372 0 0 0 00000000 0
2373 2 2 11 00000054 0
2374 2 3 10 00000000 0
2375 2 3 11 00000053 0
2376 2 3 12 00000020 0
2377 2 3 13 00000000 0
2378 2 2 11 00000054 0
2379 2 2 11 00000054 0
2380 2 2 11 00000054 0
2381 2 2 11 00000054 0
2382 2 2 11 00000054 0
2383 2 2 11 00000054 0
2384 2 2 11 00000054 0
2385 2 2 11 00000054 0
2386 2 2 11 00000054 0
2387 2 2 11 00000054 0
2388 2 2 11 00000054 0
2389 2 2 11 00000054 0
2390 2 2 11 00000054 0
2391 2 2 11 00000054 0
2392 2 2 11 00000054 0
2393 2 2 11 00000054 0
2394 2 2 11 00000054 0
2395 2 2 11 00000054 0
2396 4 3 10 00000000 0
2397 4 3 11 00000053 0
2398 4 3 12 00000020 0
2399 4 3 13 00000000 0
2400 0 0 0 00000000 0
2401 0 0 0 00000000 0
2402 0 0 0 00000000 0
2403 0 0 0 00000000 0
2404 0 0 0 00000000 0
2405 0 0 0 00000000 0
2406 0 0 0 00000000 0
2407 0 0 0 00000000 0
2408 2 2 11 00000055 0
2409 2 3 10 00000000 0
2410 2 3 11 00000054 0
2411 2 3 12 00000020 0
2412 2 3 13 00000000 0
2413 2 2 11 00000055 0
2414 2 2 11 00000055 0
2415 2 2 11 00000055 0
2416 2 2 11 00000055 0
2417 2 2 11 00000055 0
2418 2 2 11 00000055 0
2419 2 2 11 00000055 0
2420 2 2 11 00000055 0
2421 2 2 11 00000055 0
2422 2 2 11 00000055 0
2423 2 2 11 00000055 0
2424 2 2 11 00000055 0
2425 2 2 11 00000055 0
2426 2 2 11 00000055 0
2427 2 2 11 00000055 0
2428 2 2 11 00000055 0
2429 2 2 11 00000055 0
2430 2 2 11 00000055 0
2431 4 3 10 00000000 0
2432 4 3 11 00000054 0
2433 4 3 12 00000020 0
2434 4 3 13 00000000 0
2435 0 0 0 00000000 0
2436 0 0 0 00000000 0
2437 0 0 0 00000000 0
2438 0 0 0 00000000 0
2439 0 0 0 00000000 0
2440 0 0 0 00000000 0
2441 0 0 0 00000000 0
2442 0 0 0 00000000 0
2443 2 2 11 00000056 0
2444 2 3 10 00000000 0
2445 2 3 11 00000055 0
2446 2 3 12 00000020 0
2447 2 3 13 00000000 0
2448 2 2 11 00000056 0
2449 2 2 11 00000056 0
2450 2 2 11 00000056 0
2451 2 2 11 00000056 0
2452 2 2 11 00000056 0
2453 2 2 11 00000056 0
2454 2 2 11 00000056 0
2455 2 2 11 00000056 0
2456 2 2 11 00000056 0
2457 2 2 11 00000056 0
2458 2 2 11 00000056 0
2459 2 2 11 00000056 0
2460 2 2 11 00000056 0
2461 2 2 11 00000056 0
2462 2 2 11 00000056 0
2463 2 2 11 00000056 0
2464 2 2 11 00000056 0
2465 2 2 11 00000056 0
2466 4 3 10 00000000 0
2467 4 3 11 00000055 0
2468 4 3 12 00000020 0
2469 4 3 13 00000000 0
2470 0 0 0 00000000 0
2471 0 0 0 00000000 0
2472 0 0 0 00000000 0
2473 0 0 0 00000000 0
2474 0 0 0 00000000 0
2475 0 0 0 00000000 0
2476 0 0 0 00000000 0
2477 0 0 0 00000000 0
2478 2 2 11 00000057 0
2479 2 3 10 00000000 0
2480 2 3 11 00000056 0
2481 2 3 12 00000020 0
2482 2 3 13 00000000 0
2483 2 2 11 00000057 0
2484 2 2 11 00000057 0
2485 2 2 11 00000057 0
2486 2 2 11 00000057 0
2487 2 2 11 00000057 0
2488 2 2 11 00000057 0
2489 2 2 11 00000057 0
2490 2 2 11 00000057 0
2491 2 2 11 00000057 0
2492 2 2 11 00000057 0
2493 2 2 11 00000057 0
2494 2 2 11 00000057 0
2495 2 2 11 00000057 0
2496 2 2 11 00000057 0
2497 2 2 11 00000057 0
2498 2 2 11 00000057 0
2499 2 2 11 00000057 0
2500 2 2 11 00000057 0
2501 4 3 10 00000000 0
2502 4 3 11 00000056 0
2503 4 3 12 00000020 0
2504 4 3 13 00000000 0
2505 0 0 0 00000000 0
2506 0 0 0 00000000 0
2507 0 0 0 00000000 0
2508 0 0 0 00000000 0
2509 0 0 0 00000000 0
2510 0 0 0 00000000 0
2511 0 0 0 00000000 0
2512 0 0 0 00000000 0
2513 2 2 11 00000058 0
2514 2 3 10 00000000 0
2515 2 3 11 00000057 0
2516 2 3 12 00000020 0
2517 2 3 13 00000000 0
2518 2 2 11 00000058 0
2519 2 2 11 00000058 0
2520 2 2 11 00000058 0
2521 2 2 11 00000058 0
2522 2 2 11 00000058 0
2523 2 2 11 00000058 0
2524 2 2 11 00000058 0
2525 2 2 11 00000058 0
2526 2 2 11 00000058 0
2527 2 2 11 00000058 0
2528 2 2 11 00000058 0
2529 2 2 11 00000058 0
2530 2 2 11 00000058 0
2531 2 2 11 00000058 0
2532 2 2 11 00000058 0
2533 2 2 11 00000058 0
2534 2 2 11 00000058 0
2535 2 2 11 00000058 0
2536 4 3 10 00000000 0
2537 4 3 11 00000057 0
2538 4 3 12 00000020 0
2539 4 3 13 00000000 0
2540 0 0 0 00000000 0
2541 0 0 0 00000000 0
2542 0 0 0 00000000 0
2543 0 0 0 00000000 0
2544 0 0 0 00000000 0
2545 0 0 0 00000000 0
2546 0 0 0 00000000 0
2547 0 0 0 00000000 0
2548 2 2 11 00000059 0
2549 2 3 10 00000000 0
2550 2 3 11 00000058 0
2551 2 3 12 00000020 0
2552 2 3 13 00000000 0
2553 2 2 11 00000059 0
2554 2 2 11 00000059 0
2555 2 2 11 00000059 0
2556 2 2 11 00000059 0
2557 2 2 11 00000059 0
2558 2 2 11 00000059 0
2559 2 2 11 00000059 0
2560 2 2 11 00000059 0
2561 2 2 11 00000059 0
2562 2 2 11 00000059 0
2563 2 2 11 00000059 0
2564 2 2 11 00000059 0
2565 2 2 11 00000059 0
2566 2 2 11 00000059 0
2567 2 2 11 00000059 0
2568 2 2 11 00000059 0
2569 2 2 11 00000059 0
2570 2 2 11 00000059 0
2571 4 3 10 00000000 0
2572 4 3 11 00000058 0
2573 4 3 12 00000020 0
2574 4 3 13 00000000 0
2575 0 0 0 00000000 0
2576 0 0 0 00000000 0
2577 0 0 0 00000000 0
2578 0 0 0 00000000 0
2579 0 0 0 00000000 0
2580 0 0 0 00000000 0
2581 0 0 0 00000000 0
2582 0 0 0 00000000 0
2583 2 2 11 0000005a 0
2584 2 3 10 00000000 0
2585 2 3 11 00000059 0
2586 2 3 12 00000020 0
2587 2 3 13 00000000 0
2588 2 2 11 0000005a 0
2589 2 2 11 0000005a 0
2590 2 2 11 0000005a 0
2591 2 2 11 0000005a 0
2592 2 2 11 0000005a 0
2593 2 2 11 0000005a 0
2594 2 2 11 0000005a 0
2595 2 2 11 0000005a 0
2596 2 2 11 0000005a 0
2597 2 2 11 0000005a 0
2598 2 2 11 0000005a 0
2599 2 2 11 0000005a 0
2600 2 2 11 0000005a 0
2601 2 2 11 0000005a 0
2602 2 2 11 0000005a 0
2603 2 2 11 0000005a 0
2604 2 2 11 0000005a 0
2605 2 2 11 0000005a 0
2606 4 3 10 00000000 0
2607 4 3 11 00000059 0
2608 4 3 12 00000020 0
2609 4 3 13 00000000 0
2610 0 0 0 00000000 0
2611 0 0 0 00000000 0
2612 0 0 0 00000000 0
2613 0 0 0 00000000 0
2614 0 0 0 00000000 0
2615 0 0 0 00000000 0
2616 0 0 0 00000000 0
2617 0 0 0 00000000 0
2618 2 2 11 0000005b 0
2619 2 3 10 00000000 0
2620 2 3 11 0000005a 0
2621 2 3 12 00000020 0
2622 2 3 13 00000000 0
2623 2 2 11 0000005b 0
2624 2 2 11 0000005b 0
2625 2 2 11 0000005b 0
2626 2 2 11 0000005b 0
2627 2 2 11 0000005b 0
2628 2 2 11 0000005b 0
2629 2 2 11 0000005b 0
2630 2 2 11 0000005b 0
2631 2 2 11 0000005b 0
2632 2 2 11 0000005b 0
2633 2 2 11 0000005b 0
2634 2 2 11 0000005b 0
2635 2 2 11 0000005b 0
2636 2 2 11 0000005b 0
2637 2 2 11 0000005b 0
2638 2 2 11 0000005b 0
2639 2 2 11 0000005b 0
2640 2 2 11 0000005b 0
2641 4 3 10 00000000 0
2642 4 3 11 0000005a 0
2643 4 3 12 00000020 0
2644 4 3 13 00000000 0
2645 0 0 0 00000000 0
2646 0 0 0 00000000 0
2647 0 0 0 00000000 0
2648 0 0 0 00000000 0
2649 0 0 0 00000000 0
2650 0 0 0 00000000 0
2651 0 0 0 00000000 0
2652 0 0 0 00000000 0
2653 2 2 11 0000005c 0
2654 2 3 10 00000000 0
2655 2 3 11 0000005b 0
2656 2 3 12 00000020 0
2657 2 3 13 00000000 0
2658 2 2 11 0000005c 0
2659 2 2 11 0000005c 0
2660 2 2 11 0000005c 0
2661 2 2 11 0000005c 0
2662 2 2 11 0000005c 0
2663 2 2 11 0000005c 0
2664 2 2 11 0000005c 0
2665 2 2 11 0000005c 0
2666 2 2 11 0000005c 0
2667 2 2 11 0000005c 0
2668 2 2 11 0000005c 0
2669 2 2 11 0000005c 0
2670 2 2 11 0000005c 0
2671 2 2 11 0000005c 0
2672 2 2 11 0000005c 0
2673 2 2 11 0000005c 0
2674 2 2 11 0000005c 0
2675 2 2 11 0000005c 0
2676 4 3 10 00000000 0
2677 4 3 11 0000005b 0
2678 4 3 12 00000020 0
2679 4 3 13 00000000 0
2680 0 0 0 00000000 0
2681 0 0 0 00000000 0
2682 0 0 0 00000000 0
2683 0 0 0 00000000 0
2684 0 0 0 00000000 0
2685 0 0 0 00000000 0
2686 0 0 0 00000000 0
2687 0 0 0 00000000 0
2688 2 2 11 0000005d 0
2689 2 3 10 00000000 0
2690 2 3 11 0000005c 0
2691 2 3 12 00000020 0
2692 2 3 13 00000000 0
2693 2 2 11 0000005d 0
2694 2 2 11 0000005d 0
2695 2 2 11 0000005d 0
2696 2 2 11 0000005d 0
2697 2 2 11 0000005d 0
2698 2 2 11 0000005d 0
2699 2 2 11 0000005d 0
2700 2 2 11 0000005d 0
2701 2 2 11 0000005d 0
2702 2 2 11 0000005d 0
2703 2 2 11 0000005d 0
2704 2 2 11 0000005d 0
2705 2 2 11 0000005d 0
2706 2 2 11 0000005d 0
2707 2 2 11 0000005d 0
2708 2 2 11 0000005d 0
2709 2 2 11 0000005d 0
2710 2 2 11 0000005d 0
2711 4 3 10 00000000 0
2712 4 3 11 0000005c 0
2713 4 3 12 00000020 0
2714 4 3 13 00000000 0
2715 0 0 0 00000000 0
2716 0 0 0 00000000 0
2717 0 0 0 00000000 0
2718 0 0 0 00000000 0
2719 0 0 0 00000000 0
2720 0 0 0 00000000 0
2721 0 0 0 00000000 0
2722 0 0 0 00000000 0
2723 2 2 11 0000005e 0
2724 2 3 10 00000000 0
2725 2 3 11 0000005d 0
2726 2 3 12 00000020 0
2727 2 3 13 00000000 0
2728 2 2 11 0000005e 0
2729 2 2 11 0000005e 0
2730 2 2 11 0000005e 0
2731 2 2 11 0000005e 0
2732 2 2 11 0000005e 0
2733 2 2 11 0000005e 0
2734 2 2 11 0000005e 0
2735 2 2 11 0000005e 0
2736 2 2 11 0000005e 0
2737 2 2 11 0000005e 0
2738 2 2 11 0000005e 0
2739 2 2 11 0000005e 0
2740 2 2 11 0000005e 0
2741 2 2 11 0000005e 0
2742 2 2 11 0000005e 0
2743 2 2 11 0000005e 0
2744 2 2 11 0000005e 0
2745 2 2 11 0000005e 0
2746 4 3 10 00000000 0
2747 4 3 11 0000005d 0
2748 4 3 12 00000020 0
2749 4 3 13 00000000 0
2750 0 0 0 00000000 0
2751 0 0 0 00000000 0
2752 0 0 0 00000000 0
2753 0 0 0 00000000 0
2754 0 0 0 00000000 0
2755 0 0 0 00000000 0
2756 0 0 0 00000000 0
2757 0 0 0 00000000 0
2758 2 2 11 0000005f 0
2759 2 3 10 00000000 0
2760 2 3 11 0000005e 0
2761 2 3 12 00000020 0
2762 2 3 13 00000000 0
2763 2 2 11 0000005f 0
2764 2 2 11 0000005f 0
2765 2 2 11 0000005f 0
2766 2 2 11 0000005f 0
2767 2 2 11 0000005f 0
2768 2 2 11 0000005f 0
2769 2 2 11 0000005f 0
2770 2 2 11 0000005f 0
2771 2 2 11 0000005f 0
2772 2 2 11 0000005f 0
2773 2 2 11 0000005f 0
2774 2 2 11 0000005f 0
2775 2 2 11 0000005f 0
2776 2 2 11 0000005f 0
2777 2 2 11 0000005f 0
2778 2 2 11 0000005f 0
2779 2 2 11 0000005f 0
2780 2 2 11 0000005f 0
2781 4 3 10 00000000 0
2782 4 3 11 0000005e 0
2783 4 3 12 00000020 0
2784 4 3 13 00000000 0
2785 0 0 0 00000000 0
2786 0 0 0 00000000 0
2787 0 0 0 00000000 0
2788 0 0 0 00000000 0
2789 0 0 0 00000000 0
2790 0 0 0 00000000 0
2791 0 0 0 00000000 0
2792 0 0 0 00000000 0
2793 2 2 11 00000060 0
2794 2 3 10 00000000 0
2795 2 3 11 0000005f 0
2796 2 3 12 00000020 0
2797 2 3 13 00000000 0
2798 2 2 11 00000060 0
2799 2 2 11 00000060 0
2800 2 2 11 00000060 0
2801 2 2 11 00000060 0
2802 2 2 11 00000060 0
2803 2 2 11 00000060 0
2804 2 2 11 00000060 0
2805 2 2 11 00000060 0
2806 2 2 11 00000060 0
2807 2 2 11 00000060 0
2808 2 2 11 00000060 0
2809 2 2 11 00000060 0
2810 2 2 11 00000060 0
2811 2 2 11 00000060 0
2812 2 2 11 00000060 0
2813 2 2 11 00000060 0
2814 2 2 11 00000060 0
2815 2 2 11 00000060 0
2816 4 3 10 00000000 0
2817 4 3 11 0000005f 0
2818 4 3 12 00000020 0
2819 4 3 13 00000000 0
2820 0 0 0 00000000 0
2821 0 0 0 00000000 0
2822 0 0 0 00000000 0
2823 0 0 0 00000000 0
2824 0 0 0 00000000 0
2825 0 0 0 00000000 0
2826 0 0 0 00000000 0
2827 0 0 0 00000000 0
2828 2 2 11 00000061 0
2829 2 3 10 00000000 0
2830 2 3 11 00000060 0
2831 2 3 12 00000020 0
2832 2 3 13 00000000 0
2833 2 2 11 00000061 0
2834 2 2 11 00000061 0
2835 2 2 11 00000061 0
2836 2 2 11 00000061 0
2837 2 2 11 00000061 0
2838 2 2 11 00000061 0
2839 2 2 11 00000061 0
2840 2 2 11 00000061 0
2841 2 2 11 00000061 0
2842 2 2 11 00000061 0
2843 2 2 11 00000061 0
2844 2 2 11 00000061 0
2845 2 2 11 00000061 0
2846 2 2 11 00000061 0
2847 2 2 11 00000061 0
2848 2 2 11 00000061 0
2849 2 2 11 00000061 0
2850 2 2 11 00000061 0
2851 4 3 10 00000000 0
2852 4 3 11 00000060 0
2853 4 3 12 00000020 0
2854 4 3 13 00000000 0
2855 0 0 0 00000000 0
2856 0 0 0 00000000 0
2857 0 0 0 00000000 0
2858 0 0 0 00000000 0
2859 0 0 0 00000000 0
2860 0 0 0 00000000 0
2861 0 0 0 00000000 0
2862 0 0 0 00000000 0
2863 2 2 11 00000062 0
2864 2 3 10 00000000 0
2865 2 3 11 00000061 0
2866 2 3 12 00000020 0
2867 2 3 13 00000000 0
2868 2 2 11 00000062 0
2869 2 2 11 00000062 0
2870 2 2 11 00000062 0
2871 2 2 11 00000062 0
2872 2 2 11 00000062 0
2873 2 2 11 00000062 0
2874 2 2 11 00000062 0
2875 2 2 11 00000062 0
2876 2 2 11 00000062 0
2877 2 2 11 00000062 0
2878 2 2 11 00000062 0
2879 2 2 11 00000062 0
2880 2 2 11 00000062 0
2881 2 2 11 00000062 0
2882 2 2 11 00000062 0
2883 2 2 11 00000062 0
2884 2 2 11 00000062 0
2885 2 2 11 00000062 0
2886 4 3 10 00000000 0
2887 4 3 11 00000061 0
2888 4 3 12 00000020 0
2889 4 3 13 00000000 0
2890 0 0 0 00000000 0
2891 0 0 0 00000000 0
2892 0 0 0 00000000 0
2893 0 0 0 00000000 0
2894 0 0 0 00000000 0
2895 0 0 0 00000000 0
2896 0 0 0 00000000 0
2897 0 0 0 00000000 0
2898 2 2 11 00000063 0
2899 2 3 10 00000000 0
2900 2 3 11 00000062 0
2901 2 3 12 00000020 0
2902 2 3 13 00000000 0
2903 2 2 11 00000063 0
2904 2 2 11 00000063 0
2905 2 2 11 00000063 0
2906 2 2 11 00000063 0
2907 2 2 11 00000063 0
2908 2 2 11 00000063 0
2909 2 2 11 00000063 0
2910 2 2 11 00000063 0
2911 2 2 11 00000063 0
2912 2 2 11 00000063 0
2913 2 2 11 00000063 0
2914 2 2 11 00000063 0
2915 2 2 11 00000063 0
2916 2 2 11 00000063 0
2917 2 2 11 00000063 0
2918 2 2 11 00000063 0
2919 2 2 11 00000063 0
2920 2 2 11 00000063 0
2921 4 3 10 00000000 0
2922 4 3 11 00000062 0
2923 4 3 12 00000020 0
2924 4 3 13 00000000 0
2925 0 0 0 00000000 0
2926 0 0 0 00000000 0
2927 0 0 0 00000000 0
2928 0 0 0 00000000 0
2929 0 0 0 00000000 0
2930 0 0 0 00000000 0
2931 0 0 0 00000000 0
2932 0 0 0 00000000 0
2933 2 2 11 00000064 0
2934 2 3 10 00000000 0
2935 2 3 11 00000063 0
2936 2 3 12 00000020 0
2937 2 3 13 00000000 0
2938 2 2 11 00000064 0
2939 2 2 11 00000064 0
2940 2 2 11 00000064 0
2941 2 2 11 00000064 0
2942 2 2 11 00000064 0
2943 2 2 11 00000064 0
2944 2 2 11 00000064 0
2945 2 2 11 00000064 0
2946 2 2 11 00000064 0
2947 2 2 11 00000064 0
2948 2 2 11 00000064 0
2949 2 2 11 00000064 0
2950 2 2 11 00000064 0
2951 2 2 11 00000064 0
2952 2 2 11 00000064 0
2953 2 2 11 00000064 0
2954 2 2 11 00000064 0
2955 2 2 11 00000064 0
2956 4 3 10 00000000 0
2957 4 3 11 00000063 0
2958 4 3 12 00000020 0
2959 4 3 13 00000000 0
2960 0 0 0 00000000 0
2961 0 0 0 00000000 0
2962 0 0 0 00000000 0
2963 0 0 0 00000000 0
2964 0 0 0 00000000 0
2965 0 0 0 00000000 0
2966 0 0 0 00000000 0
2967 0 0 0 00000000 0
2968 2 2 11 00000065 0
2969 2 3 10 00000000 0
2970 2 3 11 00000064 0
2971 2 3 12 00000020 0
2972 2 3 13 00000000 0
2973 2 2 11 00000065 0
2974 2 2 11 00000065 0
2975 2 2 11 00000065 0
2976 2 2 11 00000065 0
2977 2 2 11 00000065 0
2978 2 2 11 00000065 0
2979 2 2 11 00000065 0
2980 2 2 11 00000065 0
2981 2 2 11 00000065 0
2982 2 2 11 00000065 0
2983 2 2 11 00000065 0
2984 2 2 11 00000065 0
2985 2 2 11 00000065 0
2986 2 2 11 00000065 0
2987 2 2 11 00000065 0
2988 2 2 11 00000065 0
2989 2 2 11 00000065 0
2990 2 2 11 00000065 0
2991 4 3 10 00000000 0
2992 4 3 11 00000064 0
2993 4 3 12 00000020 0
2994 4 3 13 00000000 0
2995 0 0 0 00000000 0
2996 0 0 0 00000000 0
2997 0 0 0 00000000 0
2998 0 0 0 00000000 0
2999 0 0 0 00000000 0
3000 0 0 0 00000000 0
3001 0 0 0 00000000 0
3002 0 0 0 00000000 0
3003 2 2 11 00000066 0
3004 2 3 10 00000000 0
3005 2 3 11 00000065 0
3006 2 3 12 00000020 0
3007 2 3 13 00000000 0
3008 2 2 11 00000066 0
3009 2 2 11 00000066 0
3010 2 2 11 00000066 0
3011 2 2 11 00000066 0
3012 2 2 11 00000066 0
3013 2 2 11 00000066 0
3014 2 2 11 00000066 0
3015 2 2 11 00000066 0
3016 2 2 11 00000066 0
3017 2 2 11 00000066 0
3018 2 2 11 00000066 0
3019 2 2 11 00000066 0
3020 2 2 11 00000066 0
3021 2 2 11 00000066 0
3022 2 2 11 00000066 0
3023 2 2 11 00000066 0
3024 2 2 11 00000066 0
3025 2 2 11 00000066 0
3026 4 3 10 00000000 0
3027 4 3 11 00000065 0
3028 4 3 12 00000020 0
3029 4 3 13 00000000 0
3030 0 0 0 00000000 0
3031 0 0 0 00000000 0
3032 0 0 0 00000000 0
3033 0 0 0 00000000 0
3034 0 0 0 00000000 0
3035 0 0 0 00000000 0
3036 0 0 0 00000000 0
3037 0 0 0 00000000 0
3038 2 2 11 00000067 0
3039 2 3 10 00000000 0
3040 2 3 11 00000066 0
3041 2 3 12 00000020 0
3042 2 3 13 00000000 0
3043 2 2 11 00000067 0
3044 2 2 11 00000067 0
3045 2 2 11 00000067 0
3046 2 2 11 00000067 0
3047 2 2 11 00000067 0
3048 2 2 11 00000067 0
3049 2 2 11 00000067 0
3050 2 2 11 00000067 0
3051 2 2 11 00000067 0
3052 2 2 11 00000067 0
3053 2 2 11 00000067 0
3054 2 2 11 00000067 0
3055 2 2 11 00000067 0
3056 2 2 11 00000067 0
3057 2 2 11 00000067 0
3058 2 2 11 00000067 0
3059 2 2 11 00000067 0
3060 2 2 11 00000067 0
3061 4 3 10 00000000 0
3062 4 3 11 00000066 0
3063 4 3 12 00000020 0
3064 4 3 13 00000000 0
3065 0 0 0 00000000 0
3066 0 0 0 00000000 0
3067 0 0 0 00000000 0
3068 0 0 0 00000000 0
3069 0 0 0 00000000 0
3070 0 0 0 00000000 0
3071 0 0 0 00000000 0
3072 0 0 0 00000000 0
3073 2 2 11 00000068 0
3074 2 3 10 00000000 0
3075 2 3 11 00000067 0
3076 2 3 12 00000020 0
3077 2 3 13 00000000 0
3078 2 2 11 00000068 0
3079 2 2 11 00000068 0
3080 2 2 11 00000068 0
3081 2 2 11 00000068 0
3082 2 2 11 00000068 0
3083 2 2 11 00000068 0
3084 2 2 11 00000068 0
3085 2 2 11 00000068 0
3086 2 2 11 00000068 0
3087 2 2 11 00000068 0
3088 2 2 11 00000068 0
3089 2 2 11 00000068 0
3090 2 2 11 00000068 0
3091 2 2 11 00000068 0
3092 2 2 11 00000068 0
3093 2 2 11 00000068 0
3094 2 2 11 00000068 0
3095 2 2 11 00000068 0
3096 4 3 10 00000000 0
3097 4 3 11 00000067 0
3098 4 3 12 00000020 0
3099 4 3 13 00000000 0
3100 0 0 0 00000000 0
3101 0 0 0 00000000 0
3102 0 0 0 00000000 0
3103 0 0 0 00000000 0
3104 0 0 0 00000000 0
3105 0 0 0 00000000 0
3106 0 0 0 00000000 0
3107 0 0 0 00000000 0
3108 2 2 11 00000069 0
3109 2 3 10 00000000 0
3110 2 3 11 00000068 0
3111 2 3 12 00000020 0
3112 2 3 13 00000000 0
3113 2 2 11 00000069 0
3114 2 2 11 00000069 0
3115 2 2 11 00000069 0
3116 2 2 11 00000069 0
3117 2 2 11 00000069 0
3118 2 2 11 00000069 0
3119 2 2 11 00000069 0
3120 2 2 11 00000069 0
3121 2 2 11 00000069 0
3122 2 2 11 00000069 0
3123 2 2 11 00000069 0
3124 2 2 11 00000069 0
3125 2 2 11 00000069 0
3126 2 2 11 00000069 0
3127 2 2 11 00000069 0
3128 2 2 11 00000069 0
3129 2 2 11 00000069 0
3130 2 2 11 00000069 0
3131 4 3 10 00000000 0
3132 4 3 11 00000068 0
3133 4 3 12 00000020 0
3134 4 3 13 00000000 0
3135 0 0 0 00000000 0
3136 0 0 0 00000000 0
3137 0 0 0 00000000 0
3138 0 0 0 00000000 0
3139 0 0 0 00000000 0
3140 0 0 0 00000000 0
3141 0 0 0 00000000 0
3142 0 0 0 00000000 0
3143 2 2 11 0000006a 0
3144 2 3 10 00000000 0
3145 2 3 11 00000069 0
3146 2 3 12 00000020 0
3147 2 3 13 00000000 0
3148 2 2 11 0000006a 0
3149 2 2 11 0000006a 0
3150 2 2 11 0000006a 0
3151 2 2 11 0000006a 0
3152 2 2 11 0000006a 0
3153 2 2 11 0000006a 0
3154 2 2 11 0000006a 0
3155 2 2 11 0000006a 0
3156 2 2 11 0000006a 0
3157 2 2 11 0000006a 0
3158 2 2 11 0000006a 0
3159 2 2 11 0000006a 0
3160 2 2 11 0000006a 0
3161 2 2 11 0000006a 0
3162 2 2 11 0000006a 0
3163 2 2 11 0000006a 0
3164 2 2 11 0000006a 0
3165 2 2 11 0000006a 0
3166 4 3 10 00000000 0
3167 4 3 11 00000069 0
3168 4 3 12 00000020 0
3169 4 3 13 00000000 0
3170 0 0 0 00000000 0
3171 0 0 0 00000000 0
3172 0 0 0 00000000 0
3173 0 0 0 00000000 0
3174 0 0 0 00000000 0
3175 0 0 0 00000000 0
3176 0 0 0 00000000 0
3177 0 0 0 00000000 0
3178 2 2 11 0000006b 0
3179 2 3 10 00000000 0
3180 2 3 11 0000006a 0
3181 2 3 12 00000020 0
3182 2 3 13 00000000 0
3183 2 2 11 0000006b 0
3184 2 2 11 0000006b 0
3185 2 2 11 0000006b 0
3186 2 2 11 0000006b 0
3187 2 2 11 0000006b 0
3188 2 2 11 0000006b 0
3189 2 2 11 0000006b 0
3190 2 2 11 0000006b 0
3191 2 2 11 0000006b 0
3192 2 2 11 0000006b 0
3193 2 2 11 0000006b 0
3194 2 2 11 0000006b 0
3195 2 2 11 0000006b 0
3196 2 2 11 0000006b 0
3197 2 2 11 0000006b 0
3198 2 2 11 0000006b 0
3199 2 2 11 0000006b 0
3200 2 2 11 0000006b 0
3201 4 3 10 00000000 0
3202 4 3 11 0000006a 0
3203 4 3 12 00000020 0
3204 4 3 13 00000000 0
3205 0 0 0 00000000 0
3206 0 0 0 00000000 0
3207 0 0 0 00000000 0
3208 0 0 0 00000000 0
3209 0 0 0 00000000 0
3210 0 0 0 00000000 0
3211 0 0 0 00000000 0
3212 0 0 0 00000000 0
3213 2 2 11 0000006c 0
3214 2 3 10 00000000 0
3215 2 3 11 0000006b 0
3216 2 3 12 00000020 0
3217 2 3 13 00000000 0
3218 2 2 11 0000006c 0
3219 2 2 11 0000006c 0
3220 2 2 11 0000006c 0
3221 2 2 11 0000006c 0
3222 2 2 11 0000006c 0
3223 2 2 11 0000006c 0
3224 2 2 11 0000006c 0
3225 2 2 11 0000006c 0
3226 2 2 11 0000006c 0
3227 2 2 11 0000006c 0
3228 2 2 11 0000006c 0
3229 2 2 11 0000006c 0
3230 2 2 11 0000006c 0
3231 2 2 11 0000006c 0
3232 2 2 11 0000006c 0
3233 2 2 11 0000006c 0
3234 2 2 11 0000006c 0
3235 2 2 11 0000006c 0
3236 4 3 10 00000000 0
3237 4 3 11 0000006b 0
3238 4 3 12 00000020 0
3239 4 3 13 00000000 0
3240 0 0 0 00000000 0
3241 0 0 0 00000000 0
3242 0 0 0 00000000 0
3243 0 0 0 00000000 0
3244 0 0 0 00000000 0
3245 0 0 0 00000000 0
3246 0 0 0 00000000 0
3247 0 0 0 00000000 0
3248 2 2 11 0000006d 0
3249 2 3 10 00000000 0
3250 2 3 11 0000006c 0
3251 2 3 12 00000020 0
3252 2 3 13 00000000 0
3253 2 2 11 0000006d 0
3254 2 2 11 0000006d 0
3255 2 2 11 0000006d 0
3256 2 2 11 0000006d 0
3257 2 2 11 0000006d 0
3258 2 2 11 0000006d 0
3259 2 2 11 0000006d 0
3260 2 2 11 0000006d 0
3261 2 2 11 0000006d 0
3262 2 2 11 0000006d 0
3263 2 2 11 0000006d 0
3264 2 2 11 0000006d 0
3265 2 2 11 0000006d 0
3266 2 2 11 0000006d 0
3267 2 2 11 0000006d 0
3268 2 2 11 0000006d 0
3269 2 2 11 0000006d 0
3270 2 2 11 0000006d 0
3271 4 3 10 00000000 0
3272 4 3 11 0000006c 0
3273 4 3 12 00000020 0
3274 4 3 13 00000000 0
3275 0 0 0 00000000 0
3276 0 0 0 00000000 0
3277 0 0 0 00000000 0
3278 0 0 0 00000000 0
3279 0 0 0 00000000 0
3280 0 0 0 00000000 0
3281 0 0 0 00000000 0
3282 0 0 0 00000000 0
3283 2 2 11 0000006e 0
3284 2 3 10 00000000 0
3285 2 3 11 0000006d 0
3286 2 3 12 00000020 0
3287 2 3 13 00000000 0
3288 2 2 11 0000006e 0
3289 2 2 11 0000006e 0
3290 2 2 11 0000006e 0
3291 2 2 11 0000006e 0
3292 2 2 11 0000006e 0
3293 2 2 11 0000006e 0
3294 2 2 11 0000006e 0
3295 2 2 11 0000006e 0
3296 2 2 11 0000006e 0
3297 2 2 11 0000006e 0
3298 2 2 11 0000006e 0
3299 2 2 11 0000006e 0
3300 2 2 11 0000006e 0
3301 2 2 11 0000006e 0
3302 2 2 11 0000006e 0
3303 2 2 11 0000006e 0
3304 2 2 11 0000006e 0
3305 2 2 11 0000006e 0
3306 4 3 10 00000000 0
3307 4 3 11 0000006d 0
3308 4 3 12 00000020 0
3309 4 3 13 00000000 0
3310 0 0 0 00000000 0
3311 0 0 0 00000000 0
3312 0 0 0 00000000 0
3313 0 0 0 00000000 0
3314 0 0 0 00000000 0
3315 0 0 0 00000000 0
3316 0 0 0 00000000 0
3317 0 0 0 00000000 0
3318 2 2 11 0000006f 0
3319 2 3 10 00000000 0
3320 2 3 11 0000006e 0
3321 2 3 12 00000020 0
3322 2 3 13 00000000 0
3323 2 2 11 0000006f 0
3324 2 2 11 0000006f 0
3325 2 2 11 0000006f 0
3326 2 2 11 0000006f 0
3327 2 2 11 0000006f 0
3328 2 2 11 0000006f 0
3329 2 2 11 0000006f 0
3330 2 2 11 0000006f 0
3331 2 2 11 0000006f 0
3332 2 2 11 0000006f 0
3333 2 2 11 0000006f 0
3334 2 2 11 0000006f 0
3335 2 2 11 0000006f 0
3336 2 2 11 0000006f 0
3337 2 2 11 0000006f 0
3338 2 2 11 0000006f 0
3339 2 2 11 0000006f 0
3340 2 2 11 0000006f 0
3341 4 3 10 00000000 0
3342 4 3 11 0000006e 0
3343 4 3 12 00000020 0
3344 4 3 13 00000000 0
3345 0 0 0 00000000 0
3346 0 0 0 00000000 0
3347 0 0 0 00000000 0
3348 0 0 0 00000000 0
3349 0 0 0 00000000 0
3350 0 0 0 00000000 0
3351 0 0 0 00000000 0
3352 0 0 0 00000000 0
3353 2 2 11 00000070 0
3354 2 3 10 00000000 0
3355 2 3 11 0000006f 0
3356 2 3 12 00000020 0
3357 2 3 13 00000000 0
3358 2 2 11 00000070 0
3359 2 2 11 00000070 0
3360 2 2 11 00000070 0
3361 2 2 11 00000070 0
3362 2 2 11 00000070 0
3363 2 2 11 00000070 0
3364 2 2 11 00000070 0
3365 2 2 11 00000070 0
3366 2 2 11 00000070 0
3367 2 2 11 00000070 0
3368 2 2 11 00000070 0
3369 2 2 11 00000070 0
3370 2 2 11 00000070 0
3371 2 2 11 00000070 0
3372 2 2 11 00000070 0
3373 2 2 11 00000070 0
3374 2 2 11 00000070 0
3375 2 2 11 00000070 0
3376 4 3 10 00000000 0
3377 4 3 11 0000006f 0
3378 4 3 12 00000020 0
3379 4 3 13 00000000 0
3380 0 0 0 00000000 0
3381 0 0 0 00000000 0
3382 0 0 0 00000000 0
3383 0 0 0 00000000 0
3384 0 0 0 00000000 0
3385 0 0 0 00000000 0
3386 0 0 0 00000000 0
3387 0 0 0 00000000 0
3388 2 2 11 00000071 0
3389 2 3 10 00000000 0
3390 2 3 11 00000070 0
3391 2 3 12 00000020 0
3392 2 3 13 00000000 0
3393 2 2 11 00000071 0
3394 2 2 11 00000071 0
3395 2 2 11 00000071 0
3396 2 2 11 00000071 0
3397 2 2 11 00000071 0
3398 2 2 11 00000071 0
3399 2 2 11 00000071 0
3400 2 2 11 00000071 0
3401 2 2 11 00000071 0
3402 2 2 11 00000071 0
3403 2 2 11 00000071 0
3404 2 2 11 00000071 0
3405 2 2 11 00000071 0
3406 2 2 11 00000071 0
3407 2 2 11 00000071 0
3408 2 2 11 00000071 0
3409 2 2 11 00000071 0
3410 2 2 11 00000071 0
3411 4 3 10 00000000 0
3412 4 3 11 00000070 0
3413 4 3 12 00000020 0
3414 4 3 13 00000000 0
3415 0 0 0 00000000 0
3416 0 0 0 00000000 0
3417 0 0 0 00000000 0
3418 0 0 0 00000000 0
3419 0 0 0 00000000 0
3420 0 0 0 00000000 0
3421 0 0 0 00000000 0
3422 0 0 0 00000000 0
3423 2 2 11 00000072 0
3424 2 3 10 00000000 0
3425 2 3 11 00000071 0
3426 2 3 12 00000020 0
3427 2 3 13 00000000 0
3428 2 2 11 00000072 0
3429 2 2 11 00000072 0
3430 2 2 11 00000072 0
3431 2 2 11 00000072 0
3432 2 2 11 00000072 0
3433 2 2 11 00000072 0
3434 2 2 11 00000072 0
3435 2 2 11 00000072 0
3436 2 2 11 00000072 0
3437 2 2 11 00000072 0
3438 2 2 11 00000072 0
3439 2 2 11 00000072 0
3440 2 2 11 00000072 0
3441 2 2 11 00000072 0
3442 2 2 11 00000072 0
3443 2 2 11 00000072 0
3444 2 2 11 00000072 0
3445 2 2 11 00000072 0
3446 4 3 10 00000000 0
3447 4 3 11 00000071 0
3448 4 3 12 00000020 0
3449 4 3 13 00000000 0
3450 0 0 0 00000000 0
3451 0 0 0 00000000 0
3452 0 0 0 00000000 0
3453 0 0 0 00000000 0
3454 0 0 0 00000000 0
3455 0 0 0 00000000 0
3456 0 0 0 00000000 0
3457 0 0 0 00000000 0
3458 2 2 11 00000073 0
3459 2 3 10 00000000 0
3460 2 3 11 00000072 0
3461 2 3 12 00000020 0
3462 2 3 13 00000000 0
3463 2 2 11 00000073 0
3464 2 2 11 00000073 0
3465 2 2 11 00000073 0
3466 2 2 11 00000073 0
3467 2 2 11 00000073 0
3468 2 2 11 00000073 0
3469 2 2 11 00000073 0
3470 2 2 11 00000073 0
3471 2 2 11 00000073 0
3472 2 2 11 00000073 0
3473 2 2 11 00000073 0
3474 2 2 11 00000073 0
3475 2 2 11 00000073 0
3476 2 2 11 00000073 0
3477 2 2 11 00000073 0
3478 2 2 11 00000073 0
3479 2 2 11 00000073 0
3480 2 2 11 00000073 0
3481 4 3 10 00000000 0
3482 4 3 11 00000072 0
3483 4 3 12 00000020 0
3484 4 3 13 00000000 0
3485 0 0 0 00000000 0
3486 0 0 0 00000000 0
3487 0 0 0 00000000 0
3488 0 0 0 00000000 0
3489 0 0 0 00000000 0
3490 0 0 0 00000000 0
3491 0 0 0 00000000 0
3492 0 0 0 00000000 0
3493 2 2 11 00000074 0
3494 2 3 10 00000000 0
3495 2 3 11 00000073 0
3496 2 3 12 00000020 0
3497 2 3 13 00000000 0
3498 2 2 11 00000074 0
3499 2 2 11 00000074 0
3500 2 2 11 00000074 0
3501 2 2 11 00000074 0
3502 2 2 11 00000074 0
3503 2 2 11 00000074 0
3504 2 2 11 00000074 0
3505 2 2 11 00000074 0
3506 2 2 11 00000074 0
3507 2 2 11 00000074 0
3508 2 2 11 00000074 0
3509 2 2 11 00000074 0
3510 2 2 11 00000074 0
3511 2 2 11 00000074 0
3512 2 2 11 00000074 0
3513 2 2 11 00000074 0
3514 2 2 11 00000074 0
3515 2 2 11 00000074 0
3516 4 3 10 00000000 0
3517 4 3 11 00000073 0
3518 4 3 12 00000020 0
3519 4 3 13 00000000 0
3520 0 0 0 00000000 0
3521 0 0 0 00000000 0
3522 0 0 0 00000000 0
3523 0 0 0 00000000 0
3524 0 0 0 00000000 0
3525 0 0 0 00000000 0
3526 0 0 0 00000000 0
3527 0 0 0 00000000 0
3528 2 2 11 00000075 0
3529 2 3 10 00000000 0
3530 2 3 11 00000074 0
3531 2 3 12 00000020 0
3532 2 3 13 00000000 0
3533 2 2 11 00000075 0
3534 2 2 11 00000075 0
3535 2 2 11 00000075 0
3536 2 2 11 00000075 0
3537 2 2 11 00000075 0
3538 2 2 11 00000075 0
3539 2 2 11 00000075 0
3540 2 2 11 00000075 0
3541 2 2 11 00000075 0
3542 2 2 11 00000075 0
3543 2 2 11 00000075 0
3544 2 2 11 00000075 0
3545 2 2 11 00000075 0
3546 2 2 11 00000075 0
3547 2 2 11 00000075 0
3548 2 2 11 00000075 0
3549 2 2 11 00000075 0
3550 2 2 11 00000075 0
3551 4 3 10 00000000 0
3552 4 3 11 00000074 0
3553 4 3 12 00000020 0
3554 4 3 13 00000000 0
3555 0 0 0 00000000 0
3556 0 0 0 00000000 0
3557 0 0 0 00000000 0
3558 0 0 0 00000000 0
3559 0 0 0 00000000 0
