00002000
00002000
00002000
00002000
00002000
00002000
00002000
00002000
00002000
00002000
00002000
00002000
00002000
00002000
00002000
00002000
00002000
00002000
00002000
00002000
00002000
00002000
00002000
00002000
00002000
00002000
00002000
00002000
00002000
00002000
00002000
00002000
00002000
00002000
00002001
00002001
00002000
00002000
00002001
00002001
00002000
00002000
00002001
00002001
00002000
00002000
00002001
00002001
00002000
00002000
00002001
00002001
00002000
00002000
00002001
00002001
00002000
00002000
00002001
00002001
00002000
00002000
00002000
00002000
