00003 2 1 0000F 00000000 0
00019 4 3 0000C 00000000 0
00020 4 3 0000D 00000000 0
00021 4 3 0000E 00000000 0
00022 4 3 0000F 00000064 0
00024 2 1 00011 00000000 0
00040 4 3 00010 00000000 0
00041 4 3 00011 00000010 0
00042 4 3 00012 00000020 0
00043 4 3 00013 00000000 0
01156 2 2 00007 00000000 0
01172 4 3 00004 00000000 0
01173 4 3 00005 00000000 0
01174 4 3 00006 00000000 0
01175 4 3 00007 00000000 0
01603 3 1 00012 00000000 0
01604 2 3 00010 00000000 0
01605 2 3 00011 00000075 0
01606 2 3 00012 00000020 0
01607 2 3 00013 00000000 0
