00001001
00001001
00000001
00000001
00001001
00001001
00000001
00000001
00001001
00001001
00000001
00000001
00000001
00000001
00000001
00000001
00000001
00000001
00000001
00000001
00000001
00000001
00000001
00000001
00000001
00000001
00000001
00000001
00000001
00000001
00000001
00000001
00000001
00000001
00000001
00000001
00000001
00000001
00000001
00000001
00000001
00000001
00000001
00000001
00000001
00000001
00000001
00000001
00002000
00002000
00001001
00001001
00002000
00002000
00001001
00001001
00002000
00002000
00001001
00001001
00002000
00002000
00002000
00002000
